0.024093
0.024552
0.026160
0.029469
0.026083
0.023830
0.023647
0.023818
0.024825
0.024125
0.025846
0.024892
0.024087
0.024293
0.023010
0.024111
0.024798
0.022697
0.024752
0.024341
0.030007
0.024606
0.024438
0.024826
0.025678
0.026087
0.025676
0.025940
0.025460
0.025036
0.025132
0.025584
0.025080
0.024909
0.025159
0.025408
0.026200
0.025593
0.025301
0.025704
0.025600
0.029547
0.025759
0.025380
0.025441
0.027393
0.026400
0.025011
0.024767
0.024788
0.026659
0.026039
0.024929
0.025887
0.025167
0.024912
0.025045
0.025692
0.025635
0.025513
0.026131
0.025083
0.024460
0.025733
0.024683
0.025804
0.025243
0.025104
0.028005
0.026149
0.023871
0.025266
0.024619
0.024337
0.024542
0.023623
0.024206
0.023376
0.023486
0.023759
0.023019
0.024435
0.024748
0.024568
0.024354
0.024595
0.025192
0.024873
0.024401
0.024432
0.025311
0.024553
0.024411
0.024846
0.024419
0.023016
0.023941
0.024140
0.024368
0.024096
0.024294
0.024427
0.024339
0.024721
0.024346
0.023123
0.023306
0.025136
0.025587
0.023944
0.024727
0.024684
0.023483
0.024174
0.023828
0.024409
0.024734
0.024250
0.024265
0.024533
0.025001
0.025065
0.025215
0.025271
0.027938
0.025423
0.025067
0.026215
0.024437
0.025414
0.025455
0.024768
0.024984
0.025692
0.025656
0.025339
0.025709
0.025419
0.024703
0.024380
0.025878
0.025051
0.024454
0.025837
0.025424
0.024617
0.025351
0.025070
0.025323
0.023168
0.026953
0.026153
0.023606
0.025320
0.025039
0.027451
0.026191
0.025257
0.025144
0.026892
0.025126
0.024104
0.025041
0.025280
0.024838
0.025284
0.024793
0.024806
0.024426
0.025071
0.023250
0.025252
0.024131
0.025684
0.024058
0.028179
0.024903
0.024784
0.025652
0.025807
0.024844
0.023654
0.024420
0.027803
0.024746
0.023244
0.026605
0.024904
0.024884
0.026277
0.026334
0.025969
0.027203
0.026804
0.023309
0.025223
0.025431
0.029159
0.027662
0.027115
0.028874
0.028150
0.025614
0.024533
0.030697
0.028047
0.029810
0.031019
0.029148
0.029139
0.027712
0.025124
0.026414
0.025740
0.026661
0.025467
0.028526
0.026556
0.025454
0.025358
0.026156
0.029547
0.025087
0.025452
0.024933
0.025619
0.024744
0.025148
0.025202
0.025454
0.024238
0.025417
0.031633
0.025706
0.024857
0.023993
0.025422
0.024285
0.023886
0.024805
0.025463
0.024233
0.024877
0.025102
0.024547
0.024669
0.024925
0.025602
0.025008
0.024948
0.024622
0.025343
0.027352
0.025577
0.025848
0.025385
0.026068
0.023712
0.023999
0.023057
0.023924
0.024106
0.023031
0.029590
0.024042
0.024353
0.025254
0.022692
0.024130
0.023721
0.024138
0.024451
0.024314
0.023778
0.024702
0.025307
0.024160
0.024708
0.025697
0.024307
0.024275
0.023451
0.023626
0.023953
0.024346
0.024746
0.024244
0.024354
0.023498
0.025134
0.023856
0.023063
0.023134
0.022985
0.025374
0.025283
0.023966
0.028215
0.032028
0.023578
0.025228
0.028246
0.025037
0.023991
0.024502
0.024241
0.024462
0.024742
0.024758
0.024479
0.024429
0.024061
0.025761
0.024299
0.023952
0.024663
0.023951
0.023447
0.023700
0.024491
0.024585
0.024924
0.023936
0.024519
0.024368
0.024058
0.023545
0.023214
0.023800
0.025227
0.024752
0.024177
0.024859
0.023397
0.024597
0.026975
0.025915
0.024980
0.028538
0.024382
0.023650
0.024264
0.023904
0.023553
0.024328
0.023503
0.023559
0.023772
0.023646
0.023789
0.024590
0.030167
0.025517
0.025769
0.024722
0.025146
0.025133
0.024653
0.025497
0.024813
0.024602
0.025006
0.026861
0.025456
0.026412
0.025188
0.025106
0.025986
0.022831
0.025009
0.025852
0.028067
0.023801
0.024140
0.025004
0.024259
0.025532
0.025190
0.023663
0.024584
0.024453
0.024885
0.025166
0.024478
0.024869
0.023742
0.025421
0.027176
0.027750
0.025708
0.024159
0.025118
0.024227
0.024608
0.026300
0.024168
0.024363
0.025583
0.024226
0.026630
0.025758
0.026689
0.030094
0.024943
0.025987
0.026241
0.025710
0.024368
0.025439
0.024732
0.025423
0.023712
0.024185
0.023918
0.025207
0.023928
0.024886
0.024051
0.024204
0.023950
0.024106
0.027549
0.024323
0.023755
0.024479
0.022847
0.023500
0.023008
0.024014
0.026744
0.024010
0.024012
0.024808
0.025382
0.023540
0.028869
0.026109
0.024976
0.024410
0.026586
0.026022
0.024917
0.024326
0.024199
0.027226
0.026014
0.025648
0.024383
0.024242
0.024926
0.025961
0.024362
0.018778
0.030025
0.034398
0.028168
0.029268
0.029512
0.029298
0.029593
0.030392
0.029426
0.029870
0.029490
0.025177
0.024800
0.024369
0.023453
0.028903
0.026362
0.026809
0.025256
0.026085
0.026194
0.024303
0.024592
0.023895
0.024250
0.024098
0.024148
0.024239
0.023809
0.025452
0.025826
0.024889
0.024594
0.024966
0.030501
0.025412
0.024663
0.024319
0.024521
0.023351
0.023159
0.023662
0.024688
0.025452
0.024826
0.024715
0.024827
