0.017408
0.017910
0.018056
0.018054
0.018750
0.017847
0.019457
0.017526
0.018777
0.019823
0.018852
0.021275
0.019324
0.019278
0.019171
0.018591
0.020011
0.018859
0.019382
0.018914
0.018517
0.018804
0.018642
0.020450
0.019447
0.019414
0.019304
0.018695
0.021751
0.019573
0.019543
0.020067
0.019014
0.020531
0.019016
0.019055
0.019261
0.020310
0.020373
0.020665
0.019338
0.021723
0.019572
0.019756
0.021625
0.019537
0.019671
0.021228
0.019495
0.019747
0.019821
0.019462
0.020893
0.019677
0.019227
0.020299
0.019616
0.020356
0.019266
0.019322
0.018452
0.017844
0.018607
0.017626
0.019198
0.019331
0.020113
0.022785
0.024974
0.028880
0.024557
0.023378
0.024339
0.024816
0.023960
0.023872
0.026743
0.024879
0.023693
0.023444
0.024837
0.024927
0.023416
0.023003
0.024208
0.024633
0.023067
0.023712
0.025624
0.023942
0.023774
0.023623
0.024831
0.024588
0.023374
0.023872
0.024675
0.023620
0.023380
0.024646
0.024930
0.024180
0.023550
0.023978
0.024457
0.024001
0.023709
0.024700
0.024918
0.022738
0.024210
0.026092
0.024322
0.023598
0.023284
0.025113
0.023841
0.023737
0.024637
0.024913
0.023434
0.023423
0.024219
0.024408
0.023557
0.023710
0.026405
0.024931
0.024162
0.024356
0.024936
0.025330
0.024432
0.024275
0.024910
0.024988
0.024392
0.023660
0.024954
0.024925
0.022647
0.020461
0.020181
0.018987
0.019773
0.020594
0.018880
0.020174
0.018959
0.021934
0.019054
0.020073
0.023115
0.020950
0.020199
0.022118
0.020075
0.020502
0.021707
0.021163
0.023106
0.022339
0.021332
0.020487
0.022589
0.021131
0.020243
0.022533
0.020976
0.021034
0.023717
0.018926
0.021732
0.019126
0.017954
0.018878
0.017530
0.019433
0.017590
0.018204
0.018548
0.018281
0.019378
0.018473
0.021210
0.020426
0.020333
0.020793
0.020457
0.020049
0.021895
0.020265
0.019956
0.020638
0.020290
0.020319
0.019779
0.020068
0.020988
0.020402
0.020345
0.020709
0.019689
0.021159
0.020000
0.020370
0.020888
0.019924
0.021082
0.020558
0.020146
0.021942
0.020001
0.020465
0.021129
0.019834
0.020479
0.019721
0.020294
0.022904
0.019975
0.019075
0.021428
0.019872
0.019945
0.020130
0.019218
0.020886
0.020243
0.018951
0.020703
0.019231
0.019865
0.019557
0.019311
0.020474
0.019103
0.019852
0.019842
0.019792
0.021896
0.019627
0.019485
0.020422
0.019531
0.020373
0.020440
0.019814
0.020522
0.019306
0.019818
0.021404
0.019655
0.019455
0.020849
0.019664
0.019477
0.019736
0.019640
0.020560
0.019177
0.019985
0.020463
0.019353
0.020251
0.019317
0.018917
0.018105
0.017297
0.018590
0.017356
0.018159
0.017366
0.017621
0.017775
0.017647
0.019211
0.018319
0.021058
0.018147
0.018512
0.018895
0.018555
0.019177
0.020115
0.020589
0.018601
0.019045
0.020519
0.018404
0.018573
0.019205
0.019206
0.020006
0.018584
0.019369
0.019017
0.019303
0.021127
0.018867
0.019279
0.019189
0.018936
0.020817
0.018494
0.019533
0.019511
0.018633
0.020159
0.018838
0.019328
0.018962
0.018713
0.020070
0.018729
0.019496
0.019148
0.024751
0.020470
0.020133
0.018841
0.019696
0.019320
0.019668
0.020020
0.018944
0.020239
0.019436
0.019103
0.020291
0.019518
0.019623
0.018461
0.019186
0.020106
0.018822
0.020368
0.019262
0.019425
0.020223
0.019535
0.020395
0.019532
0.019187
0.021163
0.021469
0.019853
0.020514
0.019655
0.019660
0.020376
0.019988
0.021024
0.019723
0.019819
0.020233
0.019998
0.020390
0.019842
0.019283
0.020325
0.020227
0.023826
0.025222
0.027405
0.028438
0.023715
0.023768
0.025174
0.024410
0.023638
0.023707
0.024421
0.023784
0.023821
0.024859
0.024035
0.024021
0.023955
0.026515
0.025672
0.023511
0.023398
0.026008
0.024388
0.023459
0.023878
0.025531
0.024366
0.024284
0.024423
0.025832
0.024026
0.023500
0.024156
0.025303
0.024024
0.024091
0.026531
0.024456
0.023706
0.023533
0.025296
0.024170
0.023977
0.024198
0.026402
0.024869
0.023759
0.024283
0.025416
0.023878
0.023810
0.025051
0.024343
0.023493
0.025254
0.025168
0.024833
0.023578
0.024235
0.025558
0.023900
0.024017
0.024381
0.025571
0.023550
0.023760
0.024700
0.024873
0.024447
0.024171
0.025423
0.024001
0.023832
0.024139
0.027557
0.023967
0.023542
0.024217
0.025943
0.024133
0.026942
0.024143
0.024410
0.024468
0.023181
0.023868
0.025613
0.024053
0.024695
0.024255
0.025244
0.023697
0.023425
0.024779
0.024586
0.023089
0.023965
0.024422
0.023798
0.023493
0.025855
0.025262
0.023507
0.023978
0.027034
0.025334
0.023602
0.028332
0.026163
0.024711
0.025130
0.023999
0.023655
0.025159
0.025275
0.023759
0.023598
0.024808
0.024655
0.024600
0.024505
0.025037
0.024857
0.023392
0.027130
0.025100
0.026488
0.025394
0.023942
0.023509
0.024104
0.024301
0.023311
0.024167
0.024696
0.023603
0.022958
0.024509
