0.047842
0.052075
0.051994
0.056754
0.053998
0.053446
0.052858
0.051929
0.055573
0.058563
0.055498
0.059032
0.064867
0.051091
0.049589
0.056092
0.069133
0.074978
0.067863
0.068166
0.056266
0.054833
0.059385
0.058754
0.064633
0.052741
0.047605
0.052765
0.054835
0.052933
0.055809
0.051196
0.052485
0.052469
0.050861
0.051963
0.054415
0.053816
0.052785
0.053626
0.054132
0.052472
0.051814
0.051608
0.058137
0.055401
0.053171
0.055362
0.060469
0.070746
0.057778
0.052569
0.054160
0.049329
0.053480
0.051981
0.056933
0.049797
0.051231
0.051687
0.054873
0.050114
0.051564
0.050774
0.052202
0.054267
0.051690
0.051940
0.048924
0.052283
0.052080
0.048386
0.047688
0.047554
0.051106
0.053335
0.051368
0.049918
0.050506
0.050966
0.048278
0.050134
0.053541
0.050252
0.052150
0.051615
0.052608
0.050177
0.049026
0.051020
0.052484
0.051663
0.050281
0.056118
0.067662
0.058951
0.062212
0.060850
0.055861
0.048838
0.049212
0.049398
0.052289
0.056217
0.055077
0.054284
0.055960
0.053483
0.051901
0.052438
0.054833
0.052721
0.052572
0.055004
0.055686
0.051543
0.055475
0.052993
0.053831
0.053952
0.053279
0.057061
0.054930
0.053399
0.056215
0.054735
0.052774
0.056480
0.058860
0.052578
0.057260
0.053009
0.053351
0.055355
0.054280
0.055829
0.055087
0.055825
0.059379
0.057806
0.054519
0.054564
0.054667
0.055362
0.051081
0.050062
0.048165
0.049017
0.047545
0.054965
0.052951
0.051613
0.051222
0.054154
0.049917
0.050686
0.053451
0.052265
0.050061
0.053531
0.050065
0.051274
0.060057
0.054911
0.055879
0.057979
0.057931
0.056709
0.057408
0.052438
0.052926
0.054030
0.055952
0.053971
0.052498
0.052662
0.052748
0.054592
0.064461
0.062696
0.052174
0.051944
0.054258
0.059157
0.070080
0.058662
0.052856
0.053015
0.050929
0.052090
0.052146
0.052139
0.052231
0.054103
0.052168
0.053259
0.051869
0.051059
0.054227
0.053184
0.053422
0.052944
0.050974
0.052894
0.051073
0.060400
0.060819
0.057932
0.061482
0.057903
0.062468
0.061279
0.063580
0.077611
0.074340
0.066360
0.061467
0.061299
0.059863
0.048711
0.050522
0.051042
0.054314
0.056542
0.058512
0.054374
0.049524
0.053771
0.049895
0.056409
0.069646
0.077292
0.069876
0.061385
0.066838
0.067798
0.068490
0.064474
0.064654
0.064508
0.071028
0.065239
0.062987
0.054863
0.065757
0.067285
0.061602
0.055647
0.055882
0.053056
0.057048
0.054087
0.055490
0.055666
0.059671
0.062568
0.052749
0.049410
0.050278
0.050300
0.050305
0.055920
0.050707
0.050550
0.053473
0.050607
0.054726
0.048464
0.049944
0.054853
0.055736
0.051700
0.051878
0.058921
0.053192
0.059914
0.058373
0.059754
0.053867
0.060651
0.058908
0.060260
0.055894
0.058993
0.058129
0.055113
0.063562
0.057081
0.057411
0.057890
0.057875
0.061721
0.056379
0.058121
0.056757
0.056472
0.056827
0.057640
0.056954
0.058931
0.056589
0.059044
0.056922
0.056066
0.051143
0.047673
0.051670
0.052145
0.054927
0.054188
0.053413
0.050727
0.051172
0.053202
0.053588
0.050093
0.053861
0.052841
0.052276
0.049998
0.053953
0.053532
0.053585
0.050656
0.056410
0.065262
0.058390
0.060345
0.064921
0.059331
0.054278
0.058399
0.057356
0.055075
0.056060
0.053945
0.056299
0.053250
0.055660
0.054195
0.054108
0.058425
0.054650
0.054259
0.055579
0.054957
0.054787
0.055071
0.055330
0.056089
0.049060
0.050448
0.055180
0.056515
0.053794
0.051484
0.052829
0.056132
0.058816
0.051879
0.060735
0.051086
0.051927
0.054300
0.053584
0.057307
0.052678
0.054020
0.053563
0.055312
0.053972
0.054195
0.053947
0.052505
0.056287
0.052028
0.053288
0.053387
0.052655
0.054943
0.055276
0.054769
0.055102
0.055298
0.054185
0.050832
0.054031
0.053657
0.054001
0.052469
0.048774
0.051867
0.057529
0.057218
0.053805
0.051582
0.050439
0.056467
0.057480
0.059233
0.067999
0.064173
0.045290
0.050560
0.049716
0.051028
0.050527
0.049852
0.050139
0.049525
0.049074
0.045478
0.049965
0.053413
0.051960
0.054022
0.054678
0.053180
0.053567
0.051899
0.053582
0.053715
0.054501
0.050586
0.049772
0.053447
0.051532
0.053911
0.051964
0.057321
0.053421
0.052991
0.049617
0.052997
0.052510
0.057465
0.054479
0.055187
0.056795
0.054955
0.052540
0.052879
0.053861
0.054102
0.055696
0.054025
0.062220
0.058751
0.051694
0.049223
0.050921
0.047722
0.049986
0.052555
0.058382
0.056017
0.053989
0.054310
0.053549
0.055852
0.055917
0.053882
0.056241
0.053675
0.052327
0.047087
0.049282
0.046665
0.047190
0.047722
0.056014
0.059106
0.062207
0.050791
0.054615
0.052671
0.051087
0.050735
0.055608
0.068782
0.052220
0.053009
0.050004
0.056570
0.057121
0.056321
0.054375
0.054459
0.053931
0.055560
0.057384
0.051246
0.054778
0.055000
0.053500
0.052819
0.055776
0.055251
0.054577
0.054951
