0.014508
0.014034
0.014949
0.014259
0.014501
0.014543
0.014522
0.014999
0.014651
0.014356
0.014894
0.014267
0.014609
0.014583
0.014215
0.015116
0.014276
0.014598
0.015007
0.014045
0.015080
0.014857
0.014532
0.015461
0.014416
0.014753
0.015569
0.013976
0.014609
0.014841
0.014192
0.015900
0.016990
0.015214
0.015804
0.015633
0.014399
0.015221
0.014149
0.014590
0.015556
0.015027
0.015473
0.015523
0.015240
0.015825
0.016294
0.015064
0.015161
0.016358
0.014685
0.014607
0.014892
0.014516
0.015050
0.015227
0.015432
0.014776
0.014096
0.014722
0.014686
0.014525
0.017276
0.015515
0.014602
0.015816
0.014873
0.014110
0.015066
0.014494
0.016743
0.016607
0.017190
0.015174
0.014873
0.014726
0.014110
0.015043
0.014388
0.015194
0.015732
0.014743
0.015160
0.014753
0.014601
0.014688
0.014968
0.014356
0.015108
0.014469
0.014183
0.014444
0.014109
0.015385
0.015241
0.014734
0.015473
0.015084
0.014404
0.014947
0.013939
0.013953
0.014386
0.014442
0.015161
0.015211
0.014495
0.015304
0.014957
0.015104
0.015435
0.014971
0.014952
0.014766
0.014326
0.014895
0.015065
0.014828
0.015649
0.015150
0.014640
0.015146
0.014257
0.014852
0.015005
0.014262
0.015659
0.015036
0.014253
0.015012
0.014360
0.014488
0.015109
0.013930
0.014699
0.014824
0.014030
0.015130
0.015339
0.015141
0.015769
0.015030
0.014814
0.015448
0.014878
0.014446
0.015169
0.014563
0.015134
0.014920
0.014670
0.016477
0.015148
0.014219
0.015638
0.014024
0.014080
0.015147
0.014666
0.014758
0.014512
0.014188
0.014984
0.014720
0.013971
0.016407
0.016435
0.015255
0.014485
0.013539
0.013842
0.014159
0.013625
0.014723
0.013857
0.013707
0.015088
0.014373
0.014654
0.014487
0.014395
0.014494
0.014533
0.014083
0.014554
0.014392
0.015465
0.015038
0.014559
0.014560
0.013667
0.013603
0.014257
0.013874
0.014214
0.013542
0.016808
0.015898
0.015766
0.015072
0.015819
0.013784
0.013669
0.013946
0.013545
0.014135
0.014508
0.013768
0.015358
0.014590
0.014562
0.014752
0.014135
0.014376
0.014365
0.013528
0.014633
0.013967
0.014043
0.014447
0.013854
0.014398
0.013945
0.015091
0.015972
0.014813
0.015228
0.014368
0.014174
0.014821
0.014851
0.014351
0.015163
0.014618
0.014394
0.014617
0.014129
0.015432
0.014871
0.013728
0.014246
0.013995
0.013683
0.014226
0.013551
0.014464
0.014262
0.014495
0.015610
0.015397
0.014984
0.014667
0.014032
0.014259
0.014914
0.014575
0.015243
0.014839
0.014971
0.015842
0.014727
0.014585
0.015433
0.014991
0.015215
0.016030
0.014375
0.014780
0.015118
0.014188
0.014634
0.014845
0.014947
0.015023
0.015613
0.014565
0.015319
0.015165
0.014520
0.015722
0.019922
0.024588
0.022142
0.017648
0.015757
0.016247
0.016394
0.014387
0.015001
0.015165
0.014736
0.015635
0.015239
0.016023
0.016194
0.015373
0.015047
0.014895
0.015149
0.015436
0.015612
0.015090
0.015317
0.015277
0.014827
0.014235
0.013891
0.013983
0.014216
0.013953
0.014370
0.015100
0.013948
0.014411
0.014202
0.014226
0.014678
0.014004
0.014869
0.015632
0.015639
0.016285
0.014802
0.013917
0.014517
0.013914
0.015477
0.015984
0.014437
0.014876
0.014744
0.014957
0.015824
0.016027
0.015177
0.015821
0.015362
0.015368
0.015952
0.015409
0.014617
0.015447
0.014833
0.015279
0.016338
0.016024
0.016208
0.016259
0.014546
0.014339
0.015139
0.014327
0.015246
0.016163
0.015080
0.015671
0.015373
0.014551
0.015361
0.015650
0.017695
0.018435
0.019117
0.017064
0.016092
0.017064
0.016132
0.016020
0.016362
0.016694
0.015593
0.016129
0.016433
0.016743
0.018647
0.017927
0.017445
0.017061
0.017446
0.018640
0.019172
0.020258
0.016077
0.015436
0.016523
0.016863
0.016563
0.016915
0.017303
0.014978
0.014655
0.015878
0.016212
0.016134
0.015963
0.015070
0.015144
0.014669
0.014904
0.014651
0.014526
0.014513
0.014391
0.015677
0.015713
0.015873
0.015198
0.016068
0.014495
0.015164
0.015492
0.015347
0.017063
0.014965
0.015572
0.016137
0.015768
0.014358
0.014997
0.014324
0.014512
0.014777
0.014335
0.015259
0.014765
0.015411
0.015534
0.014668
0.015111
0.014668
0.013993
0.014467
0.014600
0.014614
0.014650
0.014278
0.014692
0.014522
0.014355
0.014734
0.014210
0.014704
0.014126
0.014399
0.015032
0.014399
0.014869
0.014875
0.015129
0.016576
0.016531
0.015073
0.016031
0.015379
0.015093
0.016290
0.015088
0.016023
0.016537
0.015968
0.015327
0.016661
0.015279
0.014460
0.016615
0.016510
0.014852
0.015567
0.015151
0.015695
0.016043
0.015214
0.015184
0.016251
0.014762
0.014406
0.015125
0.014625
0.015217
0.015765
0.015045
0.014687
0.015217
0.014498
0.014577
0.015262
0.014413
0.014964
0.015420
0.015780
0.015741
0.016277
0.016128
0.015816
0.015837
0.016168
0.016868
0.015898
0.014787
0.015051
