0.025712
0.025877
0.028398
0.026759
0.026354
0.026262
0.027556
0.026153
0.025430
0.026730
0.026898
0.027196
0.029097
0.027556
0.025928
0.025225
0.026396
0.027470
0.025893
0.026686
0.026683
0.025732
0.027429
0.027164
0.025478
0.025374
0.027062
0.025645
0.027832
0.029187
0.028076
0.027739
0.029708
0.027447
0.027336
0.027464
0.025801
0.026268
0.027577
0.027164
0.026774
0.026203
0.026513
0.026516
0.028017
0.026568
0.026157
0.027382
0.026349
0.026498
0.028310
0.029082
0.026500
0.026415
0.026471
0.027950
0.026465
0.026815
0.026607
0.026353
0.028722
0.025844
0.028839
0.026153
0.027664
0.028314
0.026602
0.026532
0.027173
0.026746
0.027820
0.026790
0.026861
0.027708
0.028958
0.026339
0.027272
0.026135
0.025480
0.027292
0.027496
0.025941
0.027004
0.026475
0.026284
0.026157
0.025841
0.025582
0.027580
0.026257
0.025723
0.025967
0.025501
0.026718
0.027021
0.028653
0.025612
0.026187
0.027164
0.025967
0.027496
0.026584
0.027122
0.026256
0.025869
0.026924
0.027237
0.027906
0.027868
0.025165
0.028538
0.025671
0.026277
0.025987
0.026215
0.025715
0.027131
0.027643
0.026287
0.025932
0.025741
0.025230
0.026392
0.025677
0.025340
0.025521
0.025836
0.026397
0.026105
0.026696
0.027145
0.024954
0.025729
0.025315
0.025789
0.025542
0.025341
0.027505
0.026734
0.026020
0.026073
0.025828
0.025908
0.025556
0.025746
0.026231
0.024915
0.026959
0.024998
0.025756
0.025411
0.026701
0.026273
0.026671
0.025918
0.025980
0.026248
0.026605
0.025935
0.025051
0.026417
0.026899
0.026883
0.025105
0.025936
0.027057
0.025269
0.027060
0.026142
0.025036
0.025685
0.026485
0.025293
0.027098
0.026861
0.026467
0.025783
0.027347
0.029214
0.029089
0.028196
0.028271
0.029122
0.027245
0.027552
0.027972
0.029466
0.029365
0.028195
0.027951
0.027794
0.028818
0.028034
0.027699
0.028305
0.027654
0.028751
0.027530
0.027521
0.027490
0.027216
0.028133
0.027399
0.028590
0.027819
0.028902
0.028707
0.028111
0.027031
0.029029
0.027808
0.027298
0.029780
0.028101
0.028261
0.028209
0.028979
0.027948
0.027866
0.028554
0.028804
0.029583
0.027823
0.027076
0.025780
0.026666
0.028643
0.027975
0.026292
0.026345
0.028976
0.028075
0.025999
0.025981
0.026568
0.025849
0.027083
0.026078
0.026654
0.026555
0.027325
0.027076
0.026027
0.026025
0.026674
0.025946
0.025908
0.026417
0.026032
0.026665
0.025487
0.026557
0.027243
0.026884
0.026368
0.026341
0.025412
0.024977
0.025468
0.025362
0.027157
0.027530
0.025672
0.026542
0.025295
0.025772
0.025928
0.026432
0.026257
0.026057
0.027113
0.025286
0.025181
0.025401
0.025079
0.025169
0.025484
0.025148
0.025385
0.025879
0.026475
0.025789
0.026015
0.026047
0.026901
0.027420
0.025480
0.026974
0.027098
0.025453
0.026868
0.027023
0.027030
0.026479
0.025822
0.025776
0.025745
0.026496
0.027318
0.025304
0.025865
0.026157
0.027225
0.025902
0.026018
0.026517
0.025680
0.026865
0.028877
0.028991
0.031160
0.028806
0.031178
0.027866
0.026945
0.028247
0.026356
0.027915
0.026585
0.027320
0.028933
0.026232
0.027483
0.026931
0.025857
0.027079
0.026000
0.028059
0.026195
0.025873
0.027800
0.026161
0.026874
0.032606
0.036285
0.039018
0.034453
0.037352
0.030766
0.029860
0.028842
0.028190
0.028740
0.031084
0.028651
0.029154
0.028983
0.028902
0.029731
0.028347
0.030373
0.029813
0.029554
0.030475
0.029460
0.031296
0.028621
0.028914
0.028969
0.028758
0.030435
0.028303
0.026122
0.027075
0.026025
0.026725
0.027404
0.026430
0.030292
0.026114
0.030111
0.036772
0.028587
0.028161
0.028224
0.026940
0.025978
0.029205
0.026271
0.026565
0.026564
0.026530
0.026537
0.028194
0.028255
0.028452
0.029522
0.029263
0.029232
0.028906
0.027844
0.028548
0.028291
0.029575
0.026387
0.028697
0.029179
0.027276
0.026934
0.027237
0.026720
0.025957
0.026818
0.027075
0.027925
0.026098
0.027055
0.027812
0.025916
0.027231
0.028249
0.026952
0.026925
0.027570
0.027519
0.026738
0.027347
0.026460
0.027433
0.028929
0.026835
0.026708
0.028989
0.027186
0.027646
0.026021
0.026425
0.025298
0.027207
0.026242
0.027733
0.026502
0.026270
0.026242
0.027944
0.027846
0.027400
0.027992
0.027241
0.026494
0.027143
0.027144
0.025882
0.029318
0.028194
0.029586
0.027078
0.027756
0.026484
0.027107
0.033018
0.026183
0.027238
0.026878
0.025901
0.026855
0.028221
0.028771
0.027850
0.028370
0.026349
0.028619
0.028742
0.025988
0.026594
0.030759
0.026599
0.028439
0.026398
0.026253
0.028160
0.025771
0.027074
0.027085
0.025612
0.024680
0.025235
0.025546
0.025020
0.025339
0.026359
0.025325
0.026555
0.024073
0.025006
0.029845
0.028710
0.028570
0.028545
0.028520
0.027949
0.028512
0.028421
0.029227
0.029203
0.028231
0.028531
0.029364
0.029682
0.028703
