0.016507
0.016518
0.017001
0.017269
0.016382
0.016348
0.017005
0.016525
0.016947
0.016294
0.017123
0.018451
0.017449
0.016758
0.016603
0.016622
0.017498
0.016892
0.016444
0.016658
0.015863
0.016338
0.016868
0.016527
0.016751
0.016353
0.018685
0.016294
0.016185
0.016360
0.017341
0.017343
0.016608
0.016138
0.022501
0.023282
0.026465
0.019804
0.017795
0.016542
0.017684
0.018097
0.017728
0.016566
0.017208
0.017118
0.017167
0.016731
0.016469
0.017731
0.017140
0.016690
0.016505
0.016966
0.017089
0.016258
0.016238
0.016734
0.017419
0.016490
0.016237
0.016298
0.017487
0.017568
0.018161
0.016721
0.017703
0.016969
0.016278
0.016176
0.017735
0.017012
0.016202
0.016594
0.016532
0.016978
0.016133
0.016599
0.017531
0.016639
0.016846
0.017036
0.021923
0.018458
0.018657
0.017446
0.016515
0.017238
0.017022
0.016931
0.016615
0.016392
0.016632
0.016495
0.016273
0.016690
0.016602
0.017183
0.016539
0.016818
0.016624
0.016371
0.016710
0.016475
0.016540
0.016611
0.016287
0.017311
0.015987
0.017525
0.016630
0.017997
0.017371
0.016205
0.016816
0.017178
0.017614
0.016688
0.017592
0.017822
0.017223
0.016819
0.017665
0.016456
0.016859
0.017223
0.016765
0.016280
0.017160
0.017210
0.016678
0.016559
0.016734
0.017505
0.017435
0.016742
0.016526
0.018049
0.017762
0.017129
0.016412
0.016978
0.016657
0.017375
0.017157
0.017790
0.018583
0.018552
0.016686
0.016478
0.016944
0.017349
0.017115
0.016624
0.015904
0.016659
0.017292
0.016293
0.016908
0.017279
0.017658
0.016851
0.016256
0.017040
0.016975
0.016171
0.016959
0.017543
0.016945
0.016921
0.017377
0.018173
0.017857
0.017197
0.017048
0.016720
0.016815
0.017511
0.016437
0.016346
0.016592
0.016653
0.016597
0.016708
0.016856
0.017222
0.016416
0.016529
0.017183
0.016561
0.020073
0.025260
0.028957
0.029443
0.023425
0.025668
0.025555
0.022197
0.020055
0.018114
0.018243
0.018239
0.018523
0.018557
0.018223
0.018513
0.017623
0.018663
0.018422
0.019973
0.019147
0.018239
0.017890
0.016147
0.017400
0.016393
0.016218
0.018251
0.017949
0.017826
0.016737
0.016280
0.016956
0.017549
0.016186
0.016259
0.017335
0.017325
0.016589
0.016211
0.016871
0.017107
0.016306
0.016627
0.017571
0.018221
0.017093
0.016269
0.016269
0.016530
0.016266
0.015723
0.016784
0.021306
0.023821
0.026401
0.028154
0.029171
0.029800
0.024293
0.019003
0.023507
0.020657
0.018804
0.020889
0.022063
0.020687
0.019131
0.019017
0.018520
0.018442
0.019567
0.018716
0.019620
0.018727
0.018597
0.018596
0.018265
0.016911
0.016261
0.016166
0.016979
0.016655
0.016013
0.016064
0.016157
0.016312
0.016720
0.016582
0.016243
0.017647
0.016929
0.016362
0.017226
0.016660
0.016457
0.015894
0.016486
0.016386
0.016552
0.018160
0.015985
0.016452
0.015949
0.015748
0.016509
0.016051
0.016349
0.017180
0.017170
0.017071
0.016168
0.016431
0.017299
0.016172
0.016445
0.016443
0.016266
0.015779
0.016776
0.016611
0.016516
0.016042
0.016118
0.017444
0.016576
0.016023
0.016618
0.019875
0.017640
0.016897
0.015914
0.016591
0.017144
0.016207
0.016192
0.016658
0.016443
0.015761
0.016098
0.016866
0.017141
0.016517
0.016245
0.016982
0.017793
0.016468
0.016240
0.016390
0.016681
0.016220
0.016409
0.016655
0.017028
0.016381
0.015916
0.016945
0.018749
0.017131
0.016068
0.016891
0.016928
0.016255
0.016476
0.016585
0.016898
0.017360
0.016809
0.017164
0.016728
0.016692
0.016278
0.017059
0.017044
0.016977
0.016419
0.016560
0.017568
0.016814
0.017087
0.017609
0.017756
0.016623
0.015790
0.016183
0.015839
0.015627
0.015597
0.016477
0.016714
0.016385
0.016712
0.016787
0.016829
0.015636
0.015869
0.016166
0.016238
0.015675
0.015580
0.017142
0.016096
0.016042
0.016476
0.016491
0.016215
0.016350
0.016055
0.016869
0.016205
0.015996
0.016694
0.015720
0.016160
0.016045
0.016463
0.016353
0.015521
0.016327
0.016188
0.016232
0.015764
0.016224
0.016387
0.016168
0.015753
0.015903
0.016140
0.016120
0.021632
0.017840
0.019493
0.020166
0.018666
0.016360
0.015800
0.015634
0.016454
0.015834
0.015730
0.016524
0.015935
0.016053
0.015950
0.016345
0.015682
0.015862
0.016852
0.015849
0.015898
0.015947
0.016412
0.016249
0.016192
0.021105
0.024037
0.019914
0.019974
0.020432
0.016643
0.016271
0.019031
0.016528
0.017481
0.017014
0.016219
0.016930
0.018020
0.016858
0.017085
0.017664
0.017311
0.016893
0.016719
0.015834
0.016535
0.016719
0.015974
0.016078
0.016784
0.016374
0.016367
0.016614
0.016513
0.016479
0.016279
0.018081
0.018580
0.017700
0.018587
0.017569
0.016730
0.016720
0.016719
0.016430
0.016440
0.016773
0.016438
0.016370
0.017092
0.018394
0.016858
0.016687
0.016291
0.016259
0.016626
0.017365
0.016720
0.018392
0.017181
