0.045492
0.046593
0.045030
0.049645
0.047173
0.046472
0.045350
0.045989
0.045741
0.045930
0.047292
0.046314
0.045933
0.046410
0.044938
0.043053
0.043706
0.045638
0.046542
0.046096
0.044879
0.044937
0.047070
0.047284
0.047047
0.045925
0.048321
0.045953
0.045780
0.046593
0.051006
0.047232
0.044227
0.049585
0.047815
0.048557
0.046562
0.050013
0.050974
0.045952
0.046834
0.046984
0.046520
0.045225
0.048869
0.048064
0.045737
0.046030
0.046919
0.043855
0.045215
0.045735
0.046064
0.045046
0.047027
0.045616
0.045989
0.045741
0.046172
0.050703
0.048001
0.046227
0.045972
0.051741
0.044916
0.046548
0.042739
0.046114
0.045701
0.046831
0.043803
0.046145
0.044994
0.046119
0.045465
0.043710
0.045196
0.045846
0.046189
0.045112
0.045111
0.045951
0.043387
0.045430
0.046297
0.046048
0.045738
0.045957
0.044514
0.045171
0.045148
0.043266
0.046627
0.046119
0.045984
0.052146
0.049191
0.048757
0.048330
0.043757
0.050555
0.045768
0.046546
0.043350
0.047012
0.046528
0.044412
0.046277
0.047372
0.043703
0.046442
0.045271
0.045192
0.048172
0.042801
0.044878
0.044745
0.045814
0.045004
0.046389
0.055374
0.046808
0.043034
0.043757
0.044906
0.046501
0.048255
0.049205
0.045104
0.045387
0.045296
0.044232
0.044402
0.045795
0.047377
0.042978
0.044926
0.046044
0.048145
0.044568
0.045264
0.046712
0.045846
0.048165
0.045921
0.049224
0.046638
0.046378
0.048087
0.045950
0.048636
0.049387
0.044088
0.047268
0.047319
0.047704
0.046820
0.047715
0.047685
0.046170
0.047927
0.043328
0.045884
0.046833
0.045135
0.045090
0.047627
0.046650
0.046702
0.047503
0.044781
0.045541
0.044927
0.045411
0.045549
0.043460
0.046310
0.045336
0.047153
0.045838
0.048361
0.046097
0.048080
0.045737
0.046207
0.045806
0.046644
0.047833
0.046223
0.046354
0.045901
0.047610
0.049334
0.045620
0.045896
0.045079
0.047424
0.046088
0.042043
0.048415
0.044569
0.045966
0.046726
0.046622
0.045505
0.045555
0.045704
0.047646
0.046036
0.045856
0.047022
0.045867
0.045599
0.045010
0.046078
0.045154
0.050228
0.041879
0.046748
0.045368
0.047090
0.043619
0.046586
0.047534
0.046597
0.047181
0.046133
0.041004
0.046670
0.045586
0.045709
0.047118
0.044742
0.044746
0.045843
0.046463
0.043171
0.046192
0.043792
0.042382
0.048903
0.044385
0.047395
0.046133
0.043167
0.044090
0.048340
0.055978
0.045402
0.048488
0.048215
0.045285
0.044084
0.045734
0.045268
0.048367
0.045937
0.044549
0.044337
0.046545
0.046431
0.047838
0.046844
0.044868
0.045751
0.046892
0.047688
0.048438
0.048129
0.046434
0.046500
0.046528
0.045977
0.044763
0.043336
0.045060
0.045059
0.045770
0.044976
0.046978
0.046723
0.046339
0.051245
0.046716
0.046609
0.046684
0.043783
0.044854
0.047016
0.044940
0.046075
0.044049
0.044385
0.047098
0.046834
0.047435
0.044783
0.045495
0.045549
0.046752
0.046421
0.048430
0.051973
0.051792
0.051342
0.047789
0.045322
0.046898
0.045884
0.045465
0.048345
0.046668
0.045781
0.050313
0.050500
0.045066
0.046039
0.046353
0.046183
0.047719
0.059134
0.049032
0.047172
0.049185
0.048558
0.047345
0.047060
0.045871
0.048833
0.048290
0.047408
0.049564
0.048216
0.046643
0.044954
0.047690
0.043879
0.048513
0.046285
0.048259
0.046773
0.047939
0.045472
0.046725
0.045203
0.045420
0.046493
0.047655
0.048334
0.047496
0.046484
0.047718
0.046350
0.046389
0.048629
0.044893
0.048474
0.047216
0.046952
0.046905
0.043692
0.046424
0.045895
0.048001
0.046074
0.045299
0.044781
0.048279
0.047320
0.043870
0.045754
0.046962
0.047117
0.047256
0.046172
0.045657
0.047209
0.046738
0.047804
0.046976
0.044303
0.043575
0.044763
0.045428
0.043325
0.057652
0.055029
0.054135
0.053388
0.053966
0.054708
0.059209
0.054363
0.052332
0.058652
0.050727
0.057063
0.046777
0.046996
0.044785
0.049136
0.046900
0.045525
0.044239
0.045207
0.046503
0.047812
0.048273
0.046634
0.047366
0.046674
0.047344
0.051537
0.046498
0.048852
0.043361
0.044584
0.043146
0.049303
0.046877
0.045415
0.048052
0.042500
0.047508
0.045941
0.046019
0.046150
0.046421
0.046636
0.048085
0.048999
0.048344
0.049502
0.049525
0.050191
0.048147
0.048513
0.048648
0.045685
0.045521
0.048747
0.043746
0.046220
0.047976
0.046961
0.047306
0.047126
0.047416
0.045950
0.044463
0.046364
0.045763
0.046013
0.045193
0.045561
0.048781
0.047173
0.045148
0.045204
0.045607
0.046573
0.045019
0.046500
0.045639
0.046988
0.045981
0.045460
0.045901
0.047056
0.046886
0.046130
0.047617
0.048012
0.045072
0.049830
0.045820
0.047339
0.047583
0.044342
0.048447
0.047949
0.044524
0.048031
0.045399
0.047023
0.051915
0.054882
0.047801
0.050194
0.049685
0.047024
0.047816
0.049339
0.047791
0.043733
0.050955
0.048028
0.047264
0.046535
0.046999
