0.051101
0.049366
0.049206
0.052999
0.048591
0.046382
0.045655
0.047949
0.046392
0.048098
0.046431
0.050533
0.051491
0.068502
0.055933
0.057204
0.058492
0.064610
0.065741
0.073316
0.066038
0.068591
0.063569
0.051762
0.050177
0.049308
0.049515
0.049602
0.050374
0.048661
0.046403
0.051308
0.049775
0.054315
0.047786
0.052728
0.050677
0.047782
0.052489
0.045117
0.051760
0.046454
0.046069
0.049228
0.045657
0.050257
0.045652
0.052597
0.047424
0.046725
0.055938
0.050293
0.047081
0.049332
0.047835
0.048933
0.047959
0.048768
0.047960
0.047678
0.046005
0.050560
0.046288
0.048295
0.046025
0.052227
0.046897
0.047003
0.051556
0.049570
0.052609
0.053680
0.051122
0.056591
0.049794
0.053686
0.050470
0.052209
0.052426
0.053631
0.053422
0.055762
0.057811
0.056564
0.057487
0.061441
0.055119
0.049459
0.049869
0.050353
0.051157
0.050200
0.048394
0.049027
0.047082
0.048854
0.049364
0.050813
0.048292
0.051490
0.050053
0.047982
0.052225
0.051091
0.049698
0.051903
0.049560
0.050172
0.051325
0.047701
0.052251
0.050062
0.050763
0.053856
0.060780
0.048755
0.047810
0.050516
0.050275
0.047244
0.048038
0.047315
0.049074
0.050853
0.050885
0.047875
0.047302
0.050627
0.049772
0.049713
0.050478
0.052899
0.049542
0.058157
0.055678
0.051047
0.046401
0.051567
0.051077
0.049775
0.047916
0.049317
0.044522
0.049200
0.055550
0.047500
0.048502
0.054654
0.051502
0.050106
0.050134
0.052374
0.052237
0.052287
0.049437
0.051420
0.051862
0.052459
0.051700
0.053730
0.051118
0.053893
0.049543
0.059167
0.060424
0.064907
0.059839
0.055624
0.051633
0.066804
0.064971
0.053007
0.051514
0.053743
0.053862
0.052204
0.049215
0.051461
0.049975
0.050375
0.053008
0.053358
0.055810
0.051055
0.052819
0.051504
0.049581
0.052390
0.051085
0.051112
0.050895
0.047716
0.046841
0.049720
0.050656
0.049376
0.053978
0.047881
0.054063
0.050327
0.046251
0.051836
0.050716
0.054093
0.053848
0.050574
0.055638
0.050770
0.051077
0.051748
0.049847
0.051529
0.049205
0.051060
0.048914
0.048550
0.056732
0.049643
0.050288
0.047530
0.052696
0.051812
0.049960
0.051575
0.054877
0.053611
0.058523
0.048507
0.047935
0.046322
0.054540
0.061791
0.065344
0.066343
0.068673
0.055364
0.059666
0.055475
0.052685
0.052561
0.063794
0.063859
0.065487
0.057945
0.053635
0.055225
0.062819
0.051945
0.054730
0.052720
0.050934
0.050338
0.050481
0.048878
0.052008
0.048958
0.058773
0.052097
0.054038
0.055632
0.050611
0.050361
0.050533
0.055614
0.051876
0.051462
0.051024
0.050997
0.048603
0.047840
0.053006
0.047077
0.046867
0.049362
0.049910
0.048720
0.049556
0.046975
0.045104
0.044117
0.047338
0.049236
0.049858
0.046280
0.046273
0.045567
0.047308
0.047359
0.052328
0.047914
0.053706
0.054804
0.052707
0.050634
0.049440
0.053017
0.051524
0.048826
0.051182
0.049931
0.049662
0.051337
0.052834
0.051926
0.050813
0.051580
0.050182
0.049910
0.052930
0.051580
0.054382
0.051276
0.054133
0.054445
0.052508
0.052389
0.050792
0.054244
0.050265
0.051462
0.051179
0.052182
0.052411
0.048769
0.052266
0.045882
0.049434
0.048153
0.051553
0.051589
0.052043
0.046733
0.051963
0.048322
0.047354
0.051064
0.047456
0.048699
0.050319
0.051145
0.047852
0.051253
0.050942
0.051377
0.051180
0.051602
0.052314
0.052674
0.049735
0.049983
0.050905
0.049471
0.050948
0.051606
0.050474
0.049242
0.049202
0.049273
0.051761
0.051699
0.051307
0.049022
0.050925
0.052265
0.050631
0.049117
0.049650
0.053785
0.048916
0.055038
0.051798
0.051884
0.049472
0.046534
0.049381
0.050580
0.051823
0.050436
0.048378
0.054277
0.051382
0.047398
0.053703
0.045957
0.047033
0.044783
0.046610
0.045234
0.046882
0.048691
0.043506
0.046778
0.052325
0.049965
0.048846
0.049902
0.047275
0.046978
0.049336
0.048720
0.047591
0.051530
0.052102
0.050561
0.049781
0.049260
0.048873
0.052424
0.049803
0.051396
0.049456
0.054510
0.049898
0.051184
0.052623
0.050793
0.048938
0.049338
0.051368
0.049733
0.049669
0.054591
0.051437
0.055831
0.048630
0.049709
0.050515
0.049968
0.056319
0.050228
0.046570
0.048069
0.051690
0.050013
0.051912
0.049759
0.049348
0.049953
0.050966
0.049551
0.051610
0.050259
0.048934
0.052841
0.050688
0.050148
0.051355
0.050318
0.050765
0.052311
0.054212
0.049849
0.049851
0.051347
0.052523
0.050491
0.050468
0.049676
0.050967
0.051682
0.051884
0.049611
0.053627
0.047198
0.049567
0.047278
0.049718
0.047054
0.047016
0.046717
0.059102
0.057369
0.048005
0.048625
0.048700
0.050453
0.051268
0.047555
0.050898
0.046898
0.052915
0.049400
0.050056
0.052567
0.052080
0.053622
0.051644
0.051330
0.048845
0.053712
0.049906
0.053973
0.052679
0.050468
0.050916
0.049814
0.048793
0.051515
0.046034
0.052140
