0.046834
0.047705
0.046588
0.044528
0.054907
0.050396
0.046090
0.046647
0.046948
0.045765
0.052536
0.045806
0.046226
0.051469
0.049377
0.050247
0.046221
0.051633
0.051030
0.047854
0.053883
0.053613
0.049306
0.056123
0.042185
0.044577
0.044193
0.043541
0.044437
0.067520
0.055010
0.046005
0.046459
0.045882
0.043111
0.043373
0.043079
0.047779
0.046353
0.041807
0.045263
0.041766
0.044169
0.046498
0.045756
0.045237
0.046201
0.048005
0.050050
0.049786
0.050788
0.050878
0.053775
0.052625
0.051846
0.051963
0.049740
0.053145
0.048479
0.049601
0.049379
0.050235
0.048064
0.047675
0.045831
0.047315
0.048358
0.043083
0.044544
0.045675
0.042132
0.044294
0.045885
0.044455
0.050527
0.044968
0.044139
0.045330
0.040994
0.046994
0.043863
0.042743
0.041873
0.044219
0.044335
0.043950
0.044472
0.045136
0.042877
0.045637
0.044501
0.046431
0.043755
0.044331
0.041693
0.045586
0.044405
0.044252
0.047851
0.049546
0.045469
0.042629
0.043348
0.044565
0.045686
0.044160
0.044391
0.041051
0.045565
0.046664
0.046090
0.048821
0.045650
0.049710
0.048351
0.047543
0.044071
0.045900
0.053533
0.046516
0.049358
0.044776
0.048087
0.046826
0.047857
0.047963
0.048427
0.045500
0.046002
0.044505
0.045177
0.048488
0.046535
0.045844
0.048697
0.041644
0.043247
0.041976
0.043585
0.044339
0.041201
0.047063
0.042108
0.043527
0.045158
0.042107
0.047216
0.045569
0.043888
0.044471
0.043184
0.043117
0.043607
0.044907
0.045491
0.044338
0.043805
0.045015
0.043060
0.047377
0.047758
0.046396
0.048661
0.045135
0.048743
0.045279
0.046827
0.043555
0.042371
0.043060
0.044848
0.046972
0.045290
0.045591
0.045904
0.047631
0.044095
0.046358
0.046225
0.045937
0.047559
0.045770
0.045970
0.044575
0.045491
0.047696
0.046189
0.045709
0.046327
0.045605
0.043634
0.043733
0.042608
0.043678
0.043932
0.047910
0.045967
0.046269
0.045945
0.046439
0.044284
0.045563
0.045632
0.046307
0.043886
0.047440
0.047413
0.042375
0.049191
0.043726
0.046000
0.045816
0.045115
0.048821
0.046877
0.049285
0.048652
0.047101
0.047532
0.046277
0.045115
0.047605
0.043987
0.043077
0.046060
0.052946
0.046194
0.047616
0.046429
0.047271
0.045549
0.046466
0.046082
0.046024
0.049634
0.047611
0.046439
0.044729
0.046532
0.047232
0.048244
0.042847
0.047542
0.046852
0.042649
0.046869
0.047137
0.045997
0.044285
0.045722
0.051266
0.046351
0.052762
0.049154
0.047370
0.046665
0.045457
0.045545
0.047480
0.046838
0.047059
0.048777
0.043890
0.047245
0.047312
0.047499
0.047752
0.058111
0.050616
0.048098
0.049268
0.046257
0.045883
0.050972
0.048362
0.049541
0.047824
0.043304
0.041709
0.047516
0.044983
0.045953
0.048369
0.045109
0.045295
0.047000
0.048029
0.046297
0.047558
0.047584
0.046038
0.042951
0.045438
0.045268
0.045843
0.043806
0.048557
0.047084
0.046129
0.049840
0.047228
0.050475
0.047586
0.048803
0.042952
0.043871
0.045058
0.046517
0.045497
0.046326
0.049052
0.049432
0.049077
0.047677
0.045318
0.045996
0.048215
0.045540
0.046173
0.047168
0.047221
0.052582
0.044209
0.045953
0.043906
0.054766
0.077714
0.061854
0.052796
0.050713
0.056327
0.064762
0.069780
0.070698
0.059390
0.058557
0.058233
0.061819
0.056717
0.053820
0.044434
0.057863
0.059435
0.057296
0.061996
0.067529
0.061452
0.054742
0.049030
0.055528
0.063453
0.061225
0.063330
0.063398
0.063578
0.057628
0.054615
0.047784
0.049949
0.067623
0.066041
0.061483
0.065191
0.062422
0.056557
0.048545
0.051747
0.049955
0.061848
0.067091
0.061718
0.063150
0.058202
0.057104
0.049256
0.056791
0.062129
0.062391
0.064947
0.059773
0.059578
0.059353
0.057119
0.058822
0.052104
0.056835
0.054278
0.046748
0.057765
0.066132
0.059136
0.059996
0.068499
0.055933
0.060003
0.062259
0.055113
0.054721
0.050825
0.050948
0.048145
0.051120
0.062096
0.066818
0.059966
0.061768
0.057798
0.060357
0.060440
0.055537
0.056063
0.064355
0.058742
0.061340
0.061084
0.060398
0.061809
0.062192
0.055532
0.065604
0.067948
0.079386
0.071624
0.069220
0.069003
0.068479
0.066573
0.067659
0.069273
0.065500
0.074745
0.069329
0.068024
0.066455
0.071263
0.069992
0.068893
0.063964
0.067393
0.068652
0.065058
0.069000
0.063901
0.066247
0.071312
0.068420
0.076055
0.069547
0.068032
0.069641
0.068325
0.070431
0.074695
0.072079
0.064268
0.069761
0.068174
0.069280
0.067335
0.068806
0.073275
0.070701
0.069500
0.071758
0.072743
0.065297
0.062378
0.060660
0.060543
0.056599
0.056741
0.059947
0.061432
0.058951
0.057100
0.058252
0.056989
0.046370
0.044208
0.044355
0.047355
0.045531
0.043936
0.042772
0.041730
0.045434
0.041666
0.048432
0.042778
0.043974
0.043304
0.047302
0.045091
0.041810
0.045215
0.044047
0.041525
0.045642
0.043955
0.042456
