0.032806
0.030746
0.028961
0.029757
0.028657
0.029212
0.029699
0.029658
0.027569
0.031133
0.032818
0.029660
0.030864
0.029082
0.029836
0.030284
0.028870
0.028890
0.029903
0.028464
0.030160
0.029780
0.029202
0.033803
0.030301
0.029381
0.029434
0.031020
0.029227
0.029039
0.030414
0.028468
0.028843
0.031583
0.028228
0.030286
0.029491
0.028116
0.031009
0.028300
0.029059
0.031225
0.028932
0.029383
0.031942
0.029705
0.029016
0.030519
0.028372
0.028958
0.030735
0.028366
0.029852
0.029751
0.028583
0.030635
0.030535
0.030851
0.031019
0.029727
0.028727
0.030376
0.029574
0.029198
0.030836
0.028520
0.028711
0.029760
0.020204
0.023512
0.021109
0.022343
0.021119
0.021478
0.020735
0.021358
0.021485
0.020976
0.023709
0.022160
0.021657
0.022261
0.023346
0.022639
0.023039
0.023802
0.025116
0.025768
0.024879
0.026528
0.024198
0.026793
0.024191
0.025434
0.024122
0.024451
0.024169
0.024893
0.024660
0.024182
0.021911
0.021212
0.021757
0.023463
0.024328
0.024002
0.024294
0.024006
0.025255
0.023939
0.025877
0.024034
0.026963
0.024410
0.024041
0.025792
0.025023
0.026647
0.029734
0.029367
0.028964
0.027683
0.023761
0.022040
0.024945
0.022431
0.025240
0.023669
0.025366
0.025637
0.026949
0.030905
0.029759
0.029935
0.031673
0.036751
0.030053
0.030003
0.031433
0.030825
0.030054
0.031775
0.030826
0.029430
0.032540
0.030799
0.032532
0.030189
0.031432
0.030286
0.031188
0.030600
0.029872
0.030286
0.021208
0.021876
0.020962
0.022178
0.021174
0.023127
0.021065
0.022914
0.021671
0.023338
0.021826
0.021779
0.022671
0.024432
0.023948
0.025464
0.023619
0.025190
0.023614
0.024814
0.023746
0.024628
0.023429
0.024083
0.023284
0.024046
0.023727
0.023682
0.023995
0.024723
0.025210
0.024352
0.026771
0.023803
0.025890
0.024555
0.025315
0.023596
0.025822
0.024241
0.025032
0.024709
0.024264
0.024634
0.024777
0.025147
0.024761
0.025638
0.024326
0.026014
0.024358
0.026033
0.024003
0.024677
0.024224
0.024229
0.024175
0.023804
0.024697
0.024564
0.024436
0.024815
0.028308
0.026905
0.025155
0.025206
0.024130
0.024565
0.024623
0.025107
0.024705
0.026655
0.024574
0.027425
0.025269
0.025401
0.026121
0.025901
0.025757
0.025876
0.027435
0.025869
0.026794
0.025252
0.026610
0.026685
0.025466
0.027526
0.026209
0.028143
0.025641
0.026512
0.025779
0.025712
0.025779
0.025458
0.027873
0.026452
0.027696
0.025726
0.026576
0.025584
0.026558
0.028068
0.027291
0.027356
0.025837
0.025509
0.026198
0.027087
0.027168
0.025349
0.026831
0.025742
0.026181
0.026120
0.026057
0.026547
0.026282
0.028214
0.025113
0.032071
0.028002
0.034737
0.034829
0.032678
0.031264
0.032856
0.030124
0.030304
0.033270
0.031528
0.030830
0.031976
0.029744
0.030453
0.031732
0.029024
0.030105
0.033405
0.030558
0.029750
0.030357
0.030476
0.029710
0.029705
0.030652
0.029380
0.031534
0.029544
0.029871
0.030137
0.029900
0.028816
0.030774
0.030178
0.029674
0.032448
0.032091
0.032317
0.031651
0.031413
0.029720
0.030764
0.032984
0.030287
0.030017
0.030491
0.029510
0.021557
0.022190
0.021087
0.021994
0.021153
0.021839
0.021539
0.021708
0.021615
0.020749
0.021642
0.021647
0.021662
0.021484
0.023466
0.024706
0.024554
0.024259
0.025251
0.025602
0.024137
0.026441
0.024159
0.026426
0.024098
0.025708
0.024833
0.024436
0.025199
0.024306
0.025677
0.024850
0.027187
0.024135
0.026272
0.024839
0.024732
0.024885
0.024557
0.025902
0.024356
0.026236
0.023717
0.025419
0.023845
0.025162
0.025405
0.025158
0.025685
0.024317
0.026472
0.025130
0.025197
0.023709
0.022054
0.021619
0.022670
0.022395
0.024989
0.023442
0.025077
0.023442
0.026219
0.024706
0.026088
0.024320
0.023526
0.024216
0.024392
0.023694
0.025510
0.024835
0.023991
0.025795
0.023817
0.025540
0.023874
0.025183
0.023404
0.023620
0.023886
0.025534
0.023204
0.025594
0.025339
0.024682
0.024079
0.023518
0.024877
0.025293
0.026201
0.023759
0.026559
0.024861
0.026391
0.024534
0.024727
0.024637
0.024416
0.024979
0.026576
0.029668
0.027142
0.027087
0.027512
0.026989
0.028834
0.026879
0.028276
0.027644
0.026081
0.028211
0.026627
0.028958
0.026943
0.026778
0.026989
0.026873
0.028692
0.026870
0.027931
0.026971
0.027486
0.028589
0.027407
0.026478
0.020975
0.022789
0.021365
0.023053
0.021847
0.025511
0.023997
0.025721
0.024120
0.024070
0.024169
0.024410
0.023602
0.023197
0.023504
0.024878
0.026408
0.025693
0.026528
0.025076
0.026187
0.024938
0.027668
0.025843
0.027870
0.027581
0.029151
0.027607
0.027808
0.027887
0.026915
0.029456
0.026099
0.027817
0.027133
0.026989
0.027939
0.026561
0.028227
0.026366
0.026832
0.027623
0.027210
0.028793
0.026359
0.026737
0.027332
0.026928
0.029669
0.027288
0.028526
