0.013730
0.013593
0.012981
0.013298
0.013488
0.013410
0.013050
0.013315
0.013092
0.013221
0.013024
0.013631
0.013064
0.013178
0.013010
0.013108
0.013038
0.013266
0.013808
0.014006
0.013378
0.013194
0.013256
0.013453
0.013189
0.013335
0.013410
0.013344
0.013098
0.013311
0.013051
0.013233
0.013083
0.013023
0.012998
0.013132
0.013098
0.012647
0.013854
0.012911
0.015439
0.012922
0.012648
0.013689
0.012634
0.012929
0.013017
0.013124
0.013117
0.012911
0.013024
0.013084
0.013140
0.013094
0.013021
0.013133
0.013083
0.013259
0.012760
0.012756
0.012743
0.012856
0.012911
0.013008
0.013022
0.012875
0.013084
0.012892
0.013052
0.013003
0.013101
0.012901
0.012827
0.013004
0.012744
0.012645
0.012787
0.012706
0.013320
0.012950
0.012816
0.012842
0.013039
0.013093
0.013072
0.012828
0.013053
0.012611
0.012879
0.012813
0.012841
0.012784
0.013172
0.013185
0.013153
0.013348
0.013050
0.013109
0.013472
0.013186
0.013361
0.013144
0.013363
0.013305
0.013212
0.013182
0.013390
0.012974
0.013291
0.013098
0.013116
0.012976
0.013150
0.012919
0.012998
0.013096
0.013183
0.012916
0.013011
0.013094
0.013112
0.013291
0.013053
0.013066
0.013203
0.013189
0.013113
0.013222
0.013108
0.013208
0.013319
0.013223
0.012976
0.012974
0.012981
0.013101
0.012971
0.013037
0.013134
0.013213
0.012990
0.015727
0.013640
0.013516
0.013378
0.013368
0.013147
0.014498
0.013362
0.013247
0.013340
0.013265
0.013962
0.014185
0.014074
0.013385
0.014104
0.014130
0.013574
0.013558
0.013519
0.014349
0.013341
0.013575
0.013414
0.013623
0.013854
0.013939
0.014695
0.014001
0.013740
0.013877
0.017624
0.015913
0.013927
0.013367
0.014182
0.015895
0.015300
0.014004
0.013830
0.014162
0.014040
0.014065
0.014251
0.014070
0.014765
0.014049
0.013782
0.013650
0.013677
0.013781
0.013578
0.013472
0.014125
0.013876
0.013479
0.013715
0.013536
0.013786
0.013511
0.013360
0.013633
0.013766
0.013821
0.013712
0.014133
0.014453
0.013817
0.013790
0.013664
0.013436
0.013679
0.014123
0.013748
0.014374
0.013384
0.013128
0.013167
0.013077
0.012608
0.012744
0.012686
0.012770
0.013245
0.012764
0.012732
0.012709
0.012902
0.012889
0.013033
0.013157
0.012994
0.013133
0.012961
0.013288
0.013189
0.013149
0.013246
0.013526
0.013399
0.013539
0.013316
0.013480
0.013176
0.013133
0.013356
0.013101
0.013220
0.013043
0.013075
0.013250
0.013614
0.012914
0.012772
0.012804
0.013041
0.012934
0.013074
0.012955
0.012955
0.015231
0.013111
0.012931
0.012795
0.012950
0.013091
0.013020
0.013435
0.013655
0.013555
0.013379
0.012908
0.012950
0.012976
0.012720
0.013038
0.013485
0.013260
0.013009
0.013058
0.013075
0.013206
0.012998
0.013179
0.013106
0.013223
0.013571
0.013181
0.013564
0.013240
0.013141
0.013353
0.013067
0.013288
0.013207
0.013346
0.013087
0.013264
0.013113
0.013045
0.013281
0.013710
0.013149
0.013272
0.013166
0.013134
0.012963
0.013173
0.013273
0.013398
0.013177
0.012975
0.014987
0.015691
0.014111
0.013262
0.013072
0.013304
0.013154
0.013238
0.013129
0.013145
0.013022
0.013038
0.013082
0.013345
0.012965
0.013304
0.013370
0.013272
0.013169
0.013607
0.013227
0.013180
0.013970
0.013340
0.013839
0.013421
0.013168
0.012979
0.013046
0.012760
0.012879
0.012850
0.012870
0.012770
0.012830
0.012807
0.015883
0.012963
0.012720
0.012639
0.012684
0.012882
0.013127
0.013117
0.012716
0.012727
0.013048
0.013093
0.012870
0.013083
0.013072
0.013135
0.013252
0.012998
0.013004
0.012880
0.012876
0.012656
0.012586
0.012715
0.012652
0.012856
0.013024
0.013020
0.012806
0.013095
0.012917
0.013305
0.013096
0.013640
0.013066
0.013324
0.013107
0.013220
0.013142
0.013093
0.013571
0.013010
0.012988
0.012969
0.013398
0.013121
0.013188
0.013002
0.012787
0.012727
0.012739
0.012713
0.012449
0.012604
0.012760
0.012586
0.012914
0.012737
0.013571
0.012801
0.012676
0.012301
0.012992
0.012273
0.012908
0.012306
0.012263
0.012313
0.012884
0.012702
0.012983
0.012411
0.012511
0.012650
0.012668
0.012949
0.012983
0.012769
0.012754
0.012331
0.012318
0.012362
0.012449
0.012789
0.012717
0.012654
0.012626
0.012599
0.012951
0.012700
0.012475
0.012757
0.012667
0.012368
0.012449
0.012395
0.012933
0.012702
0.012648
0.013281
0.013025
0.012671
0.013005
0.013242
0.012741
0.012727
0.012814
0.012811
0.012856
0.012815
0.012764
0.012621
0.012376
0.012666
0.012602
0.012798
0.012729
0.012975
0.012433
0.012564
0.012957
0.013006
0.012709
0.012654
0.012551
0.012333
0.012446
0.012304
0.012242
0.012422
0.012594
0.012846
0.012430
0.012503
0.012742
0.012568
0.012584
0.012312
0.012444
0.012578
0.012596
0.012645
0.012550
0.012559
0.013186
0.012558
0.012609
0.012418
0.012455
0.012519
0.012268
