0.013290
0.013664
0.013550
0.013679
0.013545
0.013714
0.014554
0.014164
0.014587
0.013583
0.013572
0.014259
0.013850
0.013437
0.013577
0.013563
0.013845
0.013720
0.014387
0.013668
0.013546
0.013629
0.013629
0.013592
0.014080
0.013519
0.014121
0.013529
0.013562
0.013608
0.013610
0.013431
0.013578
0.013553
0.013627
0.013641
0.013649
0.014073
0.014169
0.013983
0.014034
0.014135
0.013875
0.013797
0.013832
0.013922
0.014267
0.013819
0.013671
0.014701
0.013754
0.014044
0.013833
0.013951
0.013986
0.013853
0.013676
0.013584
0.014465
0.014128
0.013804
0.013687
0.013775
0.013718
0.014737
0.014014
0.013922
0.013727
0.016473
0.013910
0.013797
0.013726
0.013667
0.013650
0.013676
0.013679
0.013668
0.013683
0.013511
0.013675
0.013543
0.013498
0.013610
0.013558
0.013535
0.013658
0.013508
0.013642
0.013920
0.013915
0.013874
0.013701
0.013754
0.013723
0.013733
0.014318
0.013567
0.013567
0.013716
0.013666
0.013567
0.013633
0.013599
0.013545
0.013707
0.013620
0.013634
0.013936
0.013717
0.013614
0.013577
0.014426
0.013815
0.013717
0.013661
0.013620
0.013527
0.013731
0.013809
0.014262
0.014095
0.014247
0.014266
0.014265
0.014145
0.014333
0.014206
0.014016
0.014407
0.015307
0.014075
0.014036
0.014213
0.014377
0.014195
0.014126
0.014154
0.014293
0.014007
0.014151
0.014196
0.014415
0.014100
0.014232
0.014244
0.014272
0.014128
0.014204
0.014149
0.014293
0.014280
0.014176
0.014328
0.014044
0.014004
0.014658
0.014216
0.014022
0.013992
0.014100
0.014243
0.014834
0.016462
0.014735
0.014281
0.014268
0.014267
0.014170
0.014227
0.014244
0.014176
0.014215
0.014344
0.014295
0.014254
0.014302
0.014523
0.014381
0.014304
0.014600
0.014153
0.014229
0.014022
0.014160
0.014254
0.014477
0.014101
0.014184
0.014365
0.014253
0.014296
0.014313
0.014039
0.014530
0.014251
0.014357
0.014195
0.014494
0.014075
0.014578
0.014592
0.014139
0.014801
0.014251
0.014264
0.014332
0.014367
0.014676
0.014378
0.014475
0.014190
0.014477
0.014519
0.014111
0.014087
0.014236
0.014213
0.014273
0.014493
0.014430
0.014265
0.014266
0.014474
0.014215
0.014131
0.014390
0.014083
0.014000
0.014335
0.014198
0.014222
0.014153
0.014505
0.014197
0.014274
0.014149
0.014221
0.013194
0.013205
0.013326
0.013202
0.013078
0.013203
0.013216
0.013368
0.013431
0.013257
0.013291
0.013809
0.013703
0.013211
0.013169
0.013187
0.013249
0.013270
0.013583
0.013576
0.013537
0.013376
0.013257
0.013205
0.014090
0.013314
0.013463
0.013487
0.013152
0.013611
0.013221
0.013479
0.013188
0.013204
0.013176
0.013328
0.013418
0.013181
0.013732
0.013777
0.013416
0.013238
0.013269
0.013196
0.013277
0.013363
0.013236
0.013037
0.013116
0.013282
0.013041
0.013394
0.013356
0.013544
0.013348
0.013685
0.013390
0.013437
0.013310
0.013676
0.013843
0.013326
0.014324
0.014279
0.014222
0.014440
0.014032
0.014273
0.014130
0.014463
0.014093
0.014328
0.014635
0.018001
0.016823
0.014716
0.014370
0.014387
0.014496
0.014153
0.014250
0.014248
0.014246
0.014368
0.014194
0.014432
0.013998
0.014061
0.014161
0.014211
0.014324
0.014286
0.014006
0.014120
0.014109
0.014418
0.014156
0.014277
0.014164
0.014227
0.014584
0.014881
0.014430
0.014168
0.014337
0.014265
0.014326
0.014338
0.014215
0.014308
0.014136
0.014157
0.014113
0.014165
0.014134
0.014118
0.014087
0.014010
0.013970
0.014152
0.014380
0.014156
0.014001
0.014025
0.014130
0.014132
0.014367
0.014010
0.013984
0.014048
0.014269
0.014326
0.014828
0.014749
0.014314
0.014444
0.014076
0.013975
0.014070
0.014060
0.014075
0.014187
0.014187
0.014055
0.014177
0.014067
0.014002
0.013983
0.013971
0.013915
0.013952
0.013987
0.014040
0.014004
0.013980
0.013914
0.013954
0.013917
0.014133
0.014269
0.014176
0.014041
0.013973
0.014001
0.014123
0.016260
0.014041
0.014446
0.014104
0.013996
0.013976
0.013917
0.014142
0.014144
0.014148
0.013975
0.014001
0.014038
0.013982
0.014029
0.014249
0.013476
0.013438
0.013349
0.013363
0.013405
0.013533
0.013522
0.013474
0.013482
0.013595
0.013500
0.013473
0.013688
0.013697
0.013456
0.013558
0.013473
0.013393
0.013491
0.013649
0.013653
0.013513
0.013613
0.013634
0.013530
0.013654
0.013820
0.013815
0.013601
0.013662
0.013948
0.013748
0.013583
0.013628
0.013740
0.013601
0.013909
0.013709
0.013344
0.013449
0.013544
0.013342
0.013619
0.013572
0.013563
0.013940
0.013624
0.013609
0.013631
0.013607
0.013533
0.013663
0.013677
0.013396
0.013524
0.013657
0.013521
0.013408
0.013271
0.013647
0.013658
0.013743
0.013683
0.013605
0.013612
0.013819
0.013787
0.013674
0.013687
0.013799
0.013537
0.013924
0.014019
0.017185
0.019206
0.019262
0.019257
0.015880
0.014559
0.014230
0.013708
0.014010
