0.015971
0.017651
0.016902
0.018979
0.018508
0.020410
0.017185
0.020313
0.017802
0.020182
0.017629
0.019836
0.017576
0.019145
0.017238
0.018598
0.018168
0.020437
0.018654
0.020018
0.018730
0.020703
0.018675
0.020493
0.018361
0.020610
0.018763
0.020032
0.018201
0.019975
0.018476
0.020258
0.018711
0.020679
0.018861
0.020399
0.018841
0.020172
0.018675
0.020000
0.018572
0.020755
0.018443
0.020679
0.018540
0.020476
0.018501
0.020590
0.019289
0.020378
0.018598
0.020127
0.018744
0.019763
0.018680
0.020185
0.019074
0.020402
0.018617
0.020036
0.018720
0.019818
0.018740
0.021039
0.018394
0.020524
0.018978
0.020971
0.018663
0.020360
0.018649
0.020839
0.018349
0.020811
0.018422
0.020554
0.018761
0.020457
0.019516
0.021127
0.018869
0.021262
0.018630
0.020459
0.018842
0.019931
0.018395
0.020417
0.018756
0.020699
0.018578
0.020652
0.018657
0.021381
0.018274
0.020345
0.018627
0.020936
0.018758
0.020377
0.018474
0.020411
0.018589
0.021519
0.018686
0.020726
0.018745
0.020853
0.019175
0.020413
0.018729
0.021333
0.018373
0.020867
0.018456
0.021406
0.018834
0.021377
0.018619
0.021118
0.018582
0.020861
0.018579
0.020705
0.018917
0.020607
0.018751
0.021234
0.018955
0.020937
0.018709
0.021371
0.018611
0.021040
0.019057
0.020792
0.018552
0.020416
0.019588
0.022963
0.019248
0.020861
0.018849
0.018705
0.018315
0.019770
0.019057
0.019953
0.018707
0.021778
0.018356
0.021585
0.018503
0.019465
0.021715
0.019564
0.020849
0.019082
0.020921
0.018419
0.022499
0.018485
0.019787
0.019001
0.019921
0.019391
0.019925
0.020997
0.019129
0.021807
0.018939
0.020997
0.019724
0.021301
0.020310
0.021207
0.018680
0.021521
0.018609
0.024585
0.021811
0.025589
0.021786
0.024661
0.026032
0.020330
0.022500
0.019895
0.022204
0.020431
0.021827
0.023208
0.025018
0.021521
0.021572
0.025284
0.028584
0.021058
0.021387
0.020098
0.020593
0.021062
0.019632
0.021697
0.020325
0.023116
0.023453
0.022801
0.020355
0.020032
0.021584
0.020040
0.022118
0.020000
0.022717
0.021495
0.022678
0.019943
0.020824
0.020464
0.019862
0.021629
0.020074
0.023040
0.020213
0.022595
0.020459
0.021677
0.020042
0.021035
0.020453
0.020136
0.021417
0.020104
0.021775
0.021372
0.022663
0.020453
0.021637
0.020127
0.021765
0.019899
0.023838
0.021078
0.020797
0.024912
0.021156
0.021003
0.020030
0.021157
0.021966
0.020185
0.022198
0.021501
0.022151
0.019817
0.021955
0.019441
0.021429
0.019589
0.020483
0.019790
0.020225
0.021286
0.021341
0.022474
0.019930
0.023493
0.021861
0.021588
0.022094
0.019971
0.020984
0.019945
0.022436
0.019862
0.022667
0.020085
0.022159
0.019688
0.023985
0.019888
0.022881
0.022865
0.020328
0.022830
0.020178
0.021999
0.019754
0.022366
0.019836
0.020277
0.021386
0.019761
0.021552
0.020228
0.022447
0.019927
0.022331
0.020182
0.021470
0.019687
0.020653
0.019864
0.021230
0.020002
0.019982
0.020767
0.020182
0.022315
0.019742
0.022378
0.020343
0.022627
0.019953
0.021007
0.020492
0.020813
0.019742
0.019864
0.020380
0.019875
0.022959
0.020086
0.022293
0.019815
0.021691
0.019817
0.021468
0.019850
0.021161
0.020360
0.019769
0.020937
0.019930
0.022045
0.019833
0.021968
0.020269
0.021753
0.020184
0.021021
0.020020
0.021733
0.019837
0.020368
0.021498
0.019698
0.021566
0.019935
0.022737
0.020233
0.021555
0.019732
0.022057
0.019523
0.021469
0.019566
0.020948
0.020476
0.020090
0.020424
0.019786
0.021629
0.019659
0.022220
0.019605
0.022102
0.019645
0.021666
0.019776
0.021651
0.020038
0.022164
0.019352
0.021234
0.019586
0.021243
0.019612
0.021468
0.019390
0.021106
0.019844
0.021325
0.020329
0.020288
0.021144
0.019946
0.021940
0.019703
0.021170
0.020253
0.021713
0.019817
0.021457
0.019794
0.020914
0.019459
0.021285
0.019374
0.020297
0.020178
0.020832
0.021607
0.019825
0.021573
0.019769
0.022390
0.019971
0.022156
0.019441
0.021918
0.019546
0.021485
0.020139
0.019861
0.021071
0.019953
0.022098
0.019865
0.022931
0.020147
0.021917
0.019936
0.021363
0.019495
0.020675
0.019319
0.020781
0.020773
0.019417
0.021198
0.020041
0.022134
0.021718
0.022695
0.019851
0.021316
0.019508
0.021501
0.019421
0.021671
0.020322
0.019890
0.020437
0.019887
0.022320
0.019676
0.021872
0.019601
0.021877
0.020086
0.022122
0.019678
0.021851
0.020248
0.021638
0.019613
0.020269
0.021015
0.019914
0.021914
0.019853
0.021845
0.019927
0.022231
0.019749
0.022343
0.019515
0.021305
0.019941
0.021035
0.019585
0.020600
0.019731
0.020375
0.020534
0.019358
0.020394
0.019460
0.021451
0.019810
0.021810
0.019703
0.022258
0.020473
0.022679
0.019627
0.022365
0.019826
0.022420
0.019718
0.021339
0.019328
0.021236
0.019504
0.020607
0.019538
0.020994
0.019799
