0.026486
0.025106
0.025460
0.025834
0.025932
0.024809
0.025310
0.026321
0.025831
0.025835
0.025806
0.025692
0.025734
0.025213
0.025875
0.026416
0.025457
0.025608
0.024735
0.024816
0.025365
0.025981
0.025094
0.026077
0.025946
0.025219
0.025645
0.025414
0.025643
0.025924
0.025311
0.024697
0.026015
0.024688
0.026187
0.024853
0.026392
0.026205
0.028579
0.024738
0.025971
0.025299
0.026911
0.025557
0.025005
0.026170
0.025176
0.025405
0.024902
0.026843
0.025967
0.032273
0.024538
0.026537
0.025632
0.026173
0.025251
0.025569
0.025781
0.025859
0.026225
0.026189
0.029570
0.026004
0.025942
0.024705
0.026344
0.024770
0.025248
0.025477
0.024942
0.024696
0.027646
0.030541
0.026254
0.028892
0.027433
0.026513
0.025875
0.025825
0.026033
0.026428
0.025926
0.026169
0.025859
0.026533
0.025912
0.026029
0.025518
0.025745
0.026074
0.025246
0.025361
0.026037
0.027234
0.028213
0.026295
0.025851
0.025822
0.027422
0.026526
0.026032
0.026437
0.026664
0.025943
0.026152
0.026278
0.028789
0.025296
0.025958
0.025891
0.025275
0.025425
0.026017
0.026072
0.025698
0.025019
0.025002
0.025713
0.025287
0.025768
0.025381
0.024375
0.025037
0.025315
0.024673
0.024986
0.024935
0.025044
0.025393
0.025210
0.026709
0.025084
0.025871
0.025967
0.025696
0.025676
0.025812
0.026177
0.026520
0.026253
0.028091
0.025660
0.024817
0.025489
0.025769
0.025191
0.025351
0.025876
0.025493
0.026868
0.024747
0.024787
0.026169
0.025577
0.029630
0.028237
0.025872
0.029013
0.026054
0.027205
0.028395
0.026825
0.026486
0.026374
0.025398
0.025287
0.026390
0.026337
0.026614
0.025840
0.025995
0.025180
0.028563
0.026093
0.026233
0.028945
0.025383
0.025994
0.026146
0.026154
0.026908
0.027230
0.025221
0.025541
0.025955
0.026184
0.026056
0.026027
0.026206
0.025857
0.025250
0.025409
0.026303
0.026313
0.026009
0.026270
0.025303
0.031705
0.025488
0.025539
0.025337
0.026491
0.025990
0.026845
0.026230
0.026155
0.026695
0.027678
0.025822
0.025979
0.026365
0.026603
0.025394
0.025701
0.025781
0.026816
0.026914
0.026592
0.026157
0.026859
0.028037
0.025531
0.025332
0.025502
0.025506
0.026396
0.026356
0.025798
0.025871
0.025466
0.025747
0.025612
0.025462
0.026051
0.025740
0.026180
0.024904
0.025517
0.025947
0.025937
0.025556
0.026330
0.026014
0.025690
0.026101
0.026065
0.026663
0.026264
0.026543
0.025650
0.025808
0.027058
0.025687
0.025169
0.024886
0.024796
0.024407
0.025300
0.026283
0.025109
0.025099
0.024722
0.025173
0.024869
0.024352
0.026034
0.025885
0.025692
0.025216
0.024680
0.025899
0.024906
0.024688
0.025324
0.024880
0.025732
0.026732
0.024758
0.025069
0.025370
0.024312
0.025518
0.026776
0.025750
0.025939
0.024745
0.024681
0.025102
0.024811
0.030568
0.024605
0.024883
0.024937
0.025466
0.025723
0.025554
0.025835
0.024277
0.025127
0.029582
0.025177
0.024682
0.027866
0.026867
0.029109
0.029779
0.025078
0.024931
0.025898
0.025406
0.025569
0.025254
0.027935
0.025434
0.025542
0.025260
0.026123
0.025641
0.025541
0.026058
0.025370
0.024169
0.025642
0.026135
0.026021
0.025498
0.025095
0.024918
0.025013
0.025730
0.025444
0.025088
0.025156
0.025844
0.025192
0.030209
0.025996
0.024798
0.025461
0.025557
0.024903
0.024829
0.025367
0.026487
0.025505
0.027230
0.026466
0.026411
0.027613
0.026319
0.025907
0.026640
0.027369
0.027995
0.026829
0.026356
0.027380
0.026065
0.026908
0.027265
0.026750
0.026964
0.026969
0.026309
0.026705
0.026764
0.026387
0.026259
0.026198
0.026950
0.025849
0.026768
0.026506
0.027982
0.026751
0.027551
0.026845
0.026078
0.026094
0.027399
0.025870
0.026538
0.027228
0.026348
0.026507
0.026848
0.026828
0.025531
0.026928
0.024293
0.024720
0.024924
0.024376
0.025174
0.024881
0.024990
0.024604
0.025159
0.025135
0.024782
0.024736
0.024757
0.028201
0.025560
0.024828
0.024533
0.025846
0.024805
0.024963
0.027519
0.025157
0.024659
0.024675
0.024496
0.024742
0.024727
0.024655
0.024945
0.025272
0.025397
0.023985
0.024743
0.024861
0.024887
0.025288
0.024732
0.024205
0.025323
0.024937
0.025433
0.024066
0.024920
0.025522
0.023993
0.025025
0.025366
0.026164
0.025701
0.025217
0.025900
0.024915
0.025303
0.025227
0.025560
0.025068
0.025225
0.024995
0.025643
0.025370
0.026097
0.026192
0.025661
0.025539
0.025520
0.025996
0.025426
0.025526
0.025511
0.026035
0.025728
0.024943
0.024486
0.025484
0.026752
0.025258
0.025134
0.025329
0.025562
0.025584
0.025275
0.025598
0.025273
0.025205
0.025475
0.025146
0.025125
0.026238
0.025496
0.025336
0.024820
0.025320
0.026604
0.025657
0.025872
0.025339
0.024526
0.025874
0.024857
0.024846
0.024843
0.024384
0.024927
0.025494
0.025538
0.024779
0.022058
0.026112
0.032453
0.025396
