0.012397
0.012326
0.013095
0.012679
0.012496
0.012509
0.013243
0.012385
0.012311
0.012353
0.012739
0.012248
0.012464
0.012325
0.012508
0.012510
0.012425
0.012467
0.012446
0.012383
0.012294
0.012454
0.012627
0.012619
0.013114
0.012946
0.013167
0.013127
0.012738
0.012735
0.012540
0.012478
0.012493
0.012557
0.012429
0.012125
0.012402
0.014538
0.012975
0.012591
0.012647
0.012498
0.012672
0.012668
0.012655
0.012639
0.012500
0.012715
0.012414
0.012334
0.012396
0.012386
0.012924
0.013646
0.013305
0.013241
0.012820
0.013172
0.013064
0.014129
0.013347
0.012879
0.012670
0.012653
0.012579
0.012608
0.012483
0.012382
0.012440
0.014254
0.012579
0.012649
0.012693
0.012626
0.012554
0.012723
0.012680
0.012562
0.012571
0.012433
0.012400
0.012575
0.012491
0.012620
0.012528
0.012485
0.013369
0.012727
0.013133
0.013380
0.012798
0.012797
0.012508
0.012737
0.012473
0.012402
0.012382
0.012498
0.012569
0.012736
0.012895
0.012424
0.012833
0.012795
0.012787
0.012581
0.012746
0.012699
0.012852
0.012879
0.012807
0.012829
0.012760
0.013106
0.012932
0.012844
0.013440
0.012865
0.013697
0.013565
0.013445
0.013208
0.013160
0.012970
0.013768
0.013136
0.013144
0.012817
0.012772
0.012795
0.012957
0.014750
0.012736
0.012562
0.012834
0.012838
0.013215
0.012807
0.012632
0.013229
0.013218
0.012623
0.012865
0.012614
0.013053
0.012766
0.012668
0.012848
0.012871
0.012883
0.013343
0.013403
0.013489
0.013500
0.013336
0.013081
0.013297
0.013134
0.012868
0.012903
0.012839
0.013069
0.012797
0.012829
0.013143
0.012680
0.012698
0.013814
0.018585
0.014856
0.012572
0.012506
0.012540
0.012726
0.012676
0.012812
0.012663
0.012603
0.012936
0.012706
0.012621
0.012769
0.013372
0.013526
0.013121
0.012766
0.012978
0.013461
0.012832
0.012908
0.012686
0.012718
0.012773
0.012689
0.012793
0.012890
0.012717
0.012557
0.012610
0.012600
0.012548
0.012443
0.012656
0.012692
0.012717
0.012681
0.012818
0.012615
0.012593
0.012699
0.013651
0.012805
0.012763
0.012647
0.012840
0.012992
0.013046
0.012830
0.012804
0.012770
0.012856
0.012937
0.012822
0.012865
0.012693
0.012754
0.012887
0.012668
0.012870
0.012985
0.012910
0.012769
0.012516
0.012544
0.012582
0.012801
0.012978
0.012743
0.012501
0.012535
0.012579
0.012593
0.012588
0.012487
0.012490
0.012683
0.012816
0.012826
0.013006
0.012700
0.012954
0.012770
0.014131
0.012791
0.012732
0.012709
0.012749
0.012709
0.012787
0.012805
0.012652
0.012634
0.012468
0.012505
0.012611
0.012808
0.012796
0.012758
0.012717
0.013203
0.014442
0.015443
0.015428
0.015322
0.014587
0.013007
0.013021
0.013301
0.012995
0.013266
0.013198
0.013018
0.012896
0.012877
0.012834
0.012742
0.012483
0.012585
0.012620
0.012670
0.012726
0.012959
0.012785
0.012740
0.012679
0.012704
0.012483
0.012619
0.012616
0.012584
0.012940
0.012669
0.013344
0.013058
0.012741
0.013152
0.012991
0.012785
0.012952
0.013175
0.013363
0.018824
0.019839
0.020272
0.016193
0.013833
0.013191
0.013034
0.012904
0.012973
0.013573
0.012771
0.012690
0.012583
0.012619
0.012704
0.012730
0.013034
0.013032
0.012752
0.012598
0.012599
0.012688
0.012666
0.012496
0.012634
0.012620
0.012704
0.012870
0.013025
0.013134
0.013048
0.013619
0.013105
0.013019
0.013204
0.012915
0.012933
0.012977
0.012822
0.012763
0.012720
0.012813
0.014217
0.019263
0.017262
0.013699
0.013082
0.013220
0.013678
0.013612
0.013399
0.013627
0.013376
0.012939
0.012803
0.012933
0.013254
0.013018
0.013174
0.013247
0.013239
0.012966
0.012921
0.013027
0.013056
0.014177
0.020317
0.016178
0.015605
0.014114
0.013645
0.013612
0.013364
0.013528
0.013440
0.013403
0.013462
0.013653
0.013507
0.013945
0.017362
0.023155
0.015888
0.014958
0.016885
0.014870
0.013682
0.014092
0.013591
0.013802
0.013680
0.013842
0.013269
0.013639
0.013894
0.013906
0.013853
0.013604
0.013576
0.013599
0.013842
0.013980
0.014150
0.014038
0.013400
0.013725
0.013316
0.013338
0.013180
0.013033
0.012965
0.013421
0.013761
0.012691
0.012719
0.012663
0.012706
0.013233
0.013092
0.013476
0.013400
0.012971
0.013366
0.013111
0.013042
0.012846
0.013162
0.013110
0.013158
0.013116
0.013773
0.014277
0.014524
0.014676
0.013197
0.013531
0.013333
0.013746
0.013769
0.013825
0.014278
0.013132
0.013072
0.013418
0.013561
0.013207
0.012835
0.012882
0.012733
0.012672
0.012649
0.012811
0.012859
0.012963
0.012974
0.012995
0.013251
0.012802
0.013216
0.012869
0.013024
0.012846
0.013066
0.012904
0.012911
0.012977
0.013060
0.012923
0.013008
0.013303
0.012999
0.012921
0.012993
0.012885
0.012852
0.012806
0.013042
0.013027
0.013160
0.013042
0.013251
0.013282
0.013217
0.013750
0.013034
0.013031
0.013105
0.013024
0.013094
