0.051583
0.052089
0.048401
0.050322
0.051457
0.049246
0.051829
0.058893
0.055192
0.055165
0.059308
0.053401
0.060279
0.055625
0.055040
0.054464
0.057157
0.060675
0.052102
0.054236
0.050835
0.054016
0.048891
0.054604
0.052451
0.049181
0.052293
0.048994
0.052516
0.060974
0.054805
0.058799
0.059118
0.059671
0.059237
0.056006
0.057657
0.058205
0.058843
0.053197
0.059899
0.059426
0.056939
0.054168
0.056476
0.058277
0.056471
0.059050
0.056744
0.058394
0.058508
0.054684
0.061726
0.053773
0.053325
0.050369
0.054098
0.052109
0.055828
0.055787
0.060075
0.066232
0.059753
0.055657
0.058867
0.060973
0.058455
0.059384
0.055314
0.057861
0.062659
0.058914
0.061842
0.065063
0.063780
0.060291
0.051114
0.051593
0.052790
0.051383
0.051590
0.051024
0.049934
0.049603
0.050778
0.050605
0.050600
0.055773
0.056273
0.054697
0.053572
0.057626
0.055275
0.054660
0.058090
0.053260
0.051644
0.050089
0.050922
0.051117
0.053961
0.052796
0.054621
0.051130
0.050440
0.054805
0.052197
0.054466
0.056699
0.054187
0.062729
0.068538
0.066180
0.065134
0.077459
0.070850
0.071640
0.063156
0.052070
0.047517
0.050535
0.052010
0.053607
0.049412
0.050973
0.050972
0.055053
0.051662
0.054036
0.060744
0.054941
0.056968
0.058257
0.058647
0.058223
0.054946
0.056888
0.059494
0.054833
0.056046
0.058897
0.054136
0.052634
0.052792
0.052481
0.058302
0.060210
0.062052
0.079895
0.066562
0.069767
0.067170
0.069544
0.068601
0.070905
0.068603
0.068768
0.065406
0.068858
0.069424
0.053537
0.052579
0.049203
0.055070
0.050955
0.053083
0.052780
0.053038
0.055881
0.070363
0.067920
0.063300
0.052394
0.052529
0.061537
0.072594
0.076807
0.064000
0.055344
0.055891
0.057850
0.060910
0.059892
0.066407
0.058001
0.054540
0.052782
0.054319
0.056098
0.058336
0.057479
0.055789
0.068199
0.061480
0.054237
0.055737
0.054388
0.052823
0.069525
0.071498
0.051570
0.052523
0.058519
0.054914
0.055499
0.055982
0.055226
0.053701
0.059066
0.053859
0.057378
0.053415
0.054085
0.052156
0.053965
0.055937
0.055378
0.055743
0.054995
0.051735
0.056173
0.056295
0.055182
0.054241
0.051936
0.051012
0.054808
0.056073
0.051986
0.058497
0.055896
0.058362
0.062505
0.059529
0.058055
0.056653
0.059843
0.057949
0.055126
0.061295
0.062918
0.065455
0.064881
0.067941
0.063915
0.060534
0.064969
0.053596
0.055766
0.055228
0.051839
0.053766
0.055911
0.054778
0.054463
0.056993
0.056088
0.056423
0.061475
0.051619
0.053722
0.053590
0.052637
0.055416
0.055287
0.055135
0.053090
0.063161
0.062709
0.057973
0.055312
0.054832
0.055093
0.053880
0.056290
0.054382
0.058502
0.058169
0.060469
0.057894
0.057634
0.055998
0.054896
0.057419
0.055414
0.056489
0.054953
0.054046
0.054827
0.058561
0.060660
0.057686
0.059464
0.051828
0.052533
0.053577
0.051276
0.055385
0.048311
0.050542
0.053631
0.053896
0.055013
0.052825
0.061530
0.058828
0.061019
0.060929
0.065080
0.083714
0.080897
0.084636
0.086637
0.081054
0.080802
0.074524
0.084503
0.078559
0.084152
0.079445
0.084202
0.085634
0.082202
0.053755
0.053170
0.053103
0.055745
0.052114
0.051806
0.053415
0.052320
0.057034
0.056964
0.058291
0.059911
0.059624
0.060536
0.059336
0.056575
0.057448
0.058264
0.066722
0.060300
0.060512
0.056993
0.056096
0.055534
0.058921
0.058208
0.058608
0.056584
0.056986
0.053689
0.059676
0.055822
0.053801
0.057323
0.061264
0.053860
0.054111
0.056356
0.060937
0.053796
0.054976
0.050717
0.058686
0.059133
0.056005
0.058456
0.059509
0.058174
0.054957
0.058950
0.057869
0.053728
0.055737
0.055670
0.058290
0.055839
0.053317
0.054626
0.055560
0.053943
0.053785
0.054403
0.052823
0.062893
0.064915
0.054352
0.059046
0.056931
0.053891
0.056690
0.060743
0.059331
0.063383
0.063470
0.062050
0.063713
0.063126
0.063848
0.062740
0.064223
0.065473
0.060845
0.061387
0.061487
0.062705
0.064535
0.062254
0.067597
0.057824
0.050617
0.050865
0.055797
0.060438
0.051470
0.052789
0.053865
0.059457
0.055877
0.058271
0.053963
0.056707
0.057633
0.058995
0.056285
0.062848
0.057446
0.055563
0.056380
0.071617
0.055833
0.057614
0.065223
0.054561
0.047601
0.050744
0.050873
0.061027
0.068866
0.073506
0.071146
0.062309
0.052535
0.058014
0.057553
0.055692
0.061697
0.058471
0.055987
0.058389
0.057423
0.054060
0.055542
0.055581
0.058085
0.057794
0.057425
0.057620
0.060011
0.055222
0.057368
0.057825
0.058879
0.058545
0.059385
0.059420
0.057721
0.058957
0.057575
0.055514
0.055670
0.061702
0.057807
0.055200
0.060149
0.058389
0.058131
0.058452
0.058722
0.056198
0.055394
0.057812
0.050774
0.054915
0.060373
0.064473
0.057054
0.053402
0.053988
0.058605
0.056415
0.059567
0.063406
0.068727
0.066722
0.063303
0.060262
0.060715
