0.033403
0.033355
0.033754
0.034009
0.033847
0.033862
0.035387
0.035001
0.034267
0.033586
0.034693
0.033977
0.034425
0.033980
0.033487
0.034993
0.034809
0.033303
0.034104
0.033211
0.033071
0.037095
0.038405
0.033467
0.037866
0.034508
0.035486
0.039429
0.033596
0.036351
0.033894
0.034049
0.034884
0.033745
0.039163
0.033481
0.033638
0.033867
0.033922
0.034066
0.038365
0.035569
0.035034
0.034520
0.034964
0.034003
0.034693
0.036602
0.034097
0.038902
0.036528
0.039085
0.035418
0.034903
0.034917
0.035291
0.035896
0.033534
0.033594
0.035699
0.035021
0.035109
0.035300
0.035471
0.036670
0.034594
0.035461
0.036690
0.034860
0.047279
0.043776
0.034685
0.033409
0.037904
0.035751
0.036577
0.037032
0.038445
0.034440
0.035859
0.034382
0.034639
0.034999
0.033603
0.033949
0.033277
0.040966
0.041533
0.041717
0.034266
0.036191
0.033686
0.036215
0.033134
0.035874
0.032591
0.032692
0.035844
0.036157
0.033693
0.035159
0.034236
0.034973
0.035320
0.033826
0.036396
0.034962
0.045319
0.033838
0.033596
0.034248
0.037125
0.033756
0.032877
0.032442
0.032615
0.032651
0.032662
0.032447
0.035470
0.036066
0.035631
0.035428
0.033033
0.033117
0.035601
0.034649
0.035975
0.033838
0.037432
0.032730
0.032835
0.034837
0.036791
0.032801
0.042297
0.034742
0.034475
0.040140
0.033374
0.033560
0.032871
0.033847
0.036030
0.033600
0.032859
0.033582
0.040682
0.037333
0.043046
0.038596
0.036816
0.035529
0.035707
0.037640
0.034843
0.034558
0.035085
0.034020
0.033358
0.035347
0.033288
0.035391
0.035247
0.036128
0.037183
0.039696
0.045780
0.035334
0.036548
0.036382
0.033540
0.037907
0.033833
0.036682
0.035937
0.034599
0.036389
0.038234
0.042088
0.038125
0.035759
0.036000
0.034898
0.036207
0.037093
0.041684
0.041256
0.034759
0.034648
0.035004
0.038018
0.037415
0.034975
0.035883
0.034336
0.034312
0.033848
0.035670
0.037988
0.033883
0.036233
0.036001
0.037036
0.046088
0.039674
0.039567
0.034372
0.038571
0.036010
0.039952
0.037402
0.037962
0.036097
0.034009
0.035335
0.037269
0.038569
0.037056
0.035813
0.033659
0.034893
0.036139
0.036316
0.034626
0.033911
0.035188
0.034161
0.034330
0.034473
0.034652
0.037034
0.034829
0.036374
0.036035
0.036352
0.036496
0.037306
0.034876
0.036476
0.037522
0.037158
0.034753
0.036319
0.037329
0.036243
0.034762
0.033866
0.033956
0.035968
0.034563
0.034636
0.036997
0.034527
0.034696
0.033635
0.035400
0.036708
0.033416
0.034109
0.042078
0.041001
0.034210
0.034196
0.034012
0.034014
0.035346
0.034577
0.035576
0.036019
0.036595
0.038313
0.035058
0.035557
0.035238
0.034983
0.038987
0.036880
0.036818
0.038668
0.039873
0.043529
0.034933
0.034225
0.034164
0.034520
0.038363
0.036547
0.035265
0.034556
0.035798
0.036498
0.035970
0.035723
0.034628
0.034823
0.033785
0.034505
0.035519
0.040684
0.034899
0.035466
0.035613
0.034747
0.034253
0.034584
0.036357
0.036668
0.033899
0.035145
0.038287
0.044811
0.039644
0.035017
0.036143
0.037023
0.035245
0.037450
0.035802
0.044924
0.045632
0.050299
0.038602
0.037195
0.034847
0.039120
0.037755
0.037233
0.034547
0.035080
0.036185
0.037494
0.036945
0.038034
0.036856
0.035139
0.033851
0.033812
0.033856
0.033647
0.033808
0.033735
0.034023
0.037288
0.033520
0.033986
0.034673
0.034323
0.036251
0.036833
0.034279
0.037374
0.037319
0.038556
0.036245
0.035010
0.034976
0.036207
0.035213
0.034195
0.037768
0.035824
0.034113
0.040113
0.035992
0.037488
0.035616
0.036495
0.036092
0.040008
0.034795
0.036120
0.035194
0.035189
0.034687
0.036961
0.034111
0.034048
0.035169
0.033943
0.034239
0.035291
0.035225
0.037204
0.033960
0.033915
0.037850
0.047079
0.044617
0.045351
0.043224
0.043827
0.044166
0.033663
0.034888
0.034078
0.034671
0.034627
0.034448
0.036593
0.038312
0.034893
0.034176
0.033915
0.037046
0.035567
0.035543
0.038002
0.038438
0.040049
0.033958
0.034235
0.037790
0.037455
0.034541
0.036616
0.035649
0.033633
0.034315
0.034944
0.036725
0.033806
0.033841
0.038302
0.038146
0.036563
0.037217
0.037279
0.035330
0.035006
0.034372
0.035160
0.035231
0.036905
0.038478
0.037741
0.034802
0.035484
0.041201
0.041393
0.040769
0.034431
0.036416
0.035894
0.036273
0.036512
0.034746
0.034200
0.034575
0.035451
0.035656
0.035451
0.037863
0.039272
0.036534
0.034482
0.035506
0.035981
0.034433
0.035406
0.034660
0.036503
0.034709
0.036801
0.034238
0.037465
0.035022
0.034615
0.035499
0.035427
0.034331
0.034009
0.034372
0.036288
0.044724
0.042917
0.036602
0.038563
0.037439
0.035363
0.033748
0.033150
0.034198
0.033939
0.035349
0.036436
0.033873
0.033395
0.034054
0.035166
0.037003
0.038762
0.034808
0.034276
0.034238
0.035209
0.033601
0.034344
0.037404
0.033686
