0.013522
0.013516
0.013408
0.013361
0.013508
0.013428
0.013505
0.013641
0.013574
0.013581
0.013660
0.013749
0.013675
0.014397
0.014029
0.015701
0.015143
0.013757
0.013571
0.015326
0.014395
0.014223
0.014111
0.014079
0.014146
0.014142
0.014025
0.014113
0.013989
0.013972
0.014250
0.014438
0.014117
0.014409
0.014021
0.016414
0.014628
0.014184
0.014114
0.013929
0.013831
0.013961
0.014133
0.014292
0.014511
0.014078
0.014056
0.014102
0.014047
0.014019
0.014419
0.016444
0.016490
0.013927
0.013950
0.014164
0.014798
0.014181
0.014411
0.014311
0.014183
0.014325
0.014895
0.014333
0.014168
0.014307
0.014523
0.014460
0.014208
0.014452
0.014151
0.014007
0.014767
0.014098
0.014213
0.014272
0.014261
0.013497
0.013409
0.013578
0.013583
0.013483
0.013380
0.013304
0.013346
0.013337
0.013284
0.013385
0.013324
0.013299
0.013380
0.013564
0.013407
0.013679
0.013641
0.013965
0.013536
0.013234
0.013484
0.013254
0.013527
0.013376
0.013402
0.013378
0.013282
0.013610
0.013550
0.013936
0.015542
0.013683
0.013552
0.013742
0.015050
0.017476
0.017335
0.013812
0.013689
0.013589
0.013696
0.013615
0.013455
0.013477
0.013877
0.013487
0.013478
0.013407
0.013409
0.013771
0.013230
0.013410
0.013557
0.013370
0.014567
0.013438
0.013581
0.013494
0.013572
0.014596
0.014385
0.014354
0.014377
0.014536
0.014250
0.014284
0.014289
0.014460
0.014649
0.014328
0.014450
0.014311
0.014480
0.014382
0.014152
0.014478
0.015098
0.015640
0.021735
0.024276
0.021949
0.019312
0.018409
0.016139
0.014775
0.014991
0.015010
0.014314
0.014438
0.014287
0.014903
0.014967
0.015132
0.014871
0.015037
0.015257
0.014485
0.014285
0.014271
0.014250
0.014437
0.014326
0.014406
0.014458
0.014386
0.014325
0.014380
0.014420
0.014168
0.014124
0.014084
0.014340
0.014355
0.014247
0.014595
0.013988
0.013921
0.013715
0.013647
0.013976
0.013881
0.013879
0.013852
0.013739
0.013768
0.013890
0.013903
0.013773
0.013870
0.013840
0.013767
0.013844
0.014204
0.013834
0.013910
0.013806
0.013936
0.013786
0.013998
0.013760
0.014606
0.013880
0.013968
0.013958
0.013899
0.013948
0.013600
0.013835
0.013799
0.013876
0.013828
0.013745
0.013732
0.013853
0.013867
0.013688
0.013809
0.013800
0.013760
0.013759
0.013702
0.014066
0.013953
0.013812
0.013870
0.014073
0.013979
0.014015
0.014190
0.014075
0.013894
0.015430
0.013961
0.014011
0.013802
0.013638
0.013593
0.013466
0.013302
0.013506
0.013355
0.013606
0.013535
0.013775
0.013505
0.013719
0.013463
0.013498
0.013501
0.013483
0.013524
0.013410
0.013847
0.013692
0.013500
0.013472
0.013194
0.013353
0.013493
0.013340
0.013584
0.013413
0.013411
0.013508
0.013447
0.013468
0.013529
0.013874
0.013656
0.013639
0.013566
0.013873
0.013720
0.013568
0.013533
0.013480
0.013451
0.013404
0.013575
0.013437
0.013458
0.013434
0.013401
0.013587
0.013373
0.013487
0.013688
0.013648
0.013911
0.013740
0.013527
0.013453
0.013451
0.013821
0.013608
0.013345
0.013582
0.013646
0.013376
0.013277
0.013297
0.013349
0.013769
0.013670
0.013465
0.013536
0.013596
0.013463
0.013490
0.013323
0.013381
0.013491
0.013520
0.013968
0.013986
0.013554
0.013540
0.013983
0.013652
0.013611
0.013621
0.013557
0.013509
0.013542
0.013587
0.013482
0.013362
0.013593
0.013456
0.013309
0.013368
0.013301
0.013448
0.013529
0.013512
0.013495
0.013365
0.013437
0.013363
0.013560
0.013281
0.013399
0.013400
0.013252
0.013247
0.013318
0.013410
0.013227
0.013486
0.013506
0.013465
0.013392
0.013434
0.018620
0.013463
0.013424
0.013838
0.014125
0.014149
0.014030
0.013946
0.014091
0.014048
0.014106
0.014067
0.013998
0.013977
0.014159
0.014998
0.014340
0.014341
0.014333
0.014082
0.014070
0.016008
0.014949
0.013991
0.014062
0.014497
0.014450
0.014240
0.014194
0.014329
0.014353
0.014103
0.014439
0.015376
0.014861
0.014154
0.014191
0.013826
0.014054
0.014105
0.014037
0.014591
0.014372
0.014094
0.014271
0.014432
0.014194
0.014380
0.014170
0.013962
0.014318
0.014047
0.014038
0.014098
0.014298
0.014180
0.014054
0.013987
0.013923
0.013929
0.013999
0.014068
0.013939
0.013531
0.013930
0.013554
0.013455
0.013439
0.013518
0.013688
0.013680
0.013939
0.013645
0.013549
0.013842
0.013910
0.013788
0.013677
0.013443
0.013527
0.014973
0.014739
0.013768
0.013638
0.013824
0.013570
0.013893
0.013764
0.013558
0.013504
0.013536
0.013468
0.013587
0.013536
0.013704
0.013711
0.013680
0.013456
0.013644
0.013572
0.013480
0.013739
0.013570
0.014088
0.014045
0.013721
0.013686
0.013394
0.013571
0.013440
0.013446
0.013493
0.013453
0.013406
0.013594
0.013562
0.013487
0.013663
0.013656
0.013660
0.014546
0.013587
0.013629
0.014364
0.014108
0.014276
0.014076
0.014284
0.014130
