0.024948
0.025624
0.026206
0.025893
0.022968
0.033246
0.031059
0.029450
0.028917
0.031751
0.033422
0.030590
0.031506
0.025389
0.026437
0.026801
0.024411
0.030330
0.030267
0.026032
0.027105
0.028435
0.030041
0.027901
0.027907
0.027302
0.026552
0.027815
0.027265
0.025661
0.028508
0.026421
0.025276
0.026501
0.028099
0.028008
0.025913
0.027350
0.027715
0.025278
0.024964
0.025493
0.026111
0.027444
0.025414
0.025356
0.026978
0.027818
0.027467
0.026924
0.029440
0.032962
0.030025
0.028910
0.028949
0.028088
0.027518
0.030421
0.028128
0.031588
0.028543
0.024451
0.025231
0.024787
0.025728
0.025278
0.025599
0.032369
0.027510
0.027623
0.025808
0.028068
0.028070
0.026248
0.028043
0.024503
0.025149
0.024861
0.025559
0.024599
0.025391
0.027120
0.028407
0.026689
0.025689
0.027454
0.025480
0.025169
0.023939
0.025626
0.025784
0.026929
0.025420
0.027726
0.024585
0.025480
0.025656
0.025559
0.025109
0.028078
0.027959
0.027672
0.026558
0.026233
0.027316
0.026272
0.027417
0.026967
0.027401
0.027399
0.027563
0.025373
0.025764
0.025047
0.025849
0.024931
0.025081
0.024533
0.024932
0.024372
0.026151
0.026538
0.026195
0.026831
0.027723
0.024438
0.025273
0.030302
0.025832
0.025858
0.026115
0.027076
0.026178
0.025449
0.027377
0.025443
0.024761
0.024958
0.025504
0.024451
0.024709
0.024663
0.026332
0.025309
0.023832
0.024349
0.025475
0.025627
0.024842
0.027453
0.027922
0.026217
0.026549
0.033021
0.024531
0.026399
0.024893
0.025235
0.025657
0.026557
0.028370
0.026315
0.024884
0.027424
0.024734
0.025073
0.024266
0.026187
0.025783
0.025807
0.027460
0.026228
0.026036
0.025979
0.026637
0.026121
0.027759
0.026969
0.026993
0.028003
0.025626
0.025891
0.027167
0.028860
0.028113
0.026571
0.026318
0.024684
0.025048
0.024387
0.025538
0.027882
0.028633
0.024787
0.027118
0.030862
0.026095
0.027508
0.025633
0.024579
0.025685
0.025780
0.025302
0.025981
0.026469
0.026364
0.026631
0.024725
0.026982
0.027663
0.026313
0.025862
0.025956
0.026203
0.026940
0.026536
0.025284
0.025252
0.025167
0.027344
0.026977
0.028416
0.027322
0.028556
0.027668
0.027280
0.027757
0.029517
0.027080
0.028047
0.025732
0.026831
0.027589
0.025039
0.025841
0.025902
0.025414
0.032063
0.035694
0.032770
0.026211
0.026619
0.025688
0.026185
0.027728
0.027907
0.025896
0.026092
0.026896
0.026826
0.028335
0.027779
0.027099
0.028279
0.026958
0.030589
0.031534
0.030144
0.030258
0.029355
0.032590
0.028374
0.025756
0.027996
0.027490
0.028341
0.026386
0.028217
0.026035
0.024505
0.026003
0.026158
0.029025
0.027038
0.028163
0.027022
0.027192
0.026631
0.027292
0.027774
0.025059
0.025231
0.023936
0.026371
0.026264
0.026515
0.026580
0.027254
0.026728
0.029451
0.027509
0.028667
0.028945
0.027434
0.025466
0.026210
0.027011
0.026475
0.026230
0.029877
0.027783
0.028058
0.025725
0.028672
0.024241
0.027203
0.026582
0.026856
0.026474
0.031699
0.026818
0.029619
0.024422
0.026739
0.025505
0.026904
0.029459
0.029212
0.028292
0.027779
0.029239
0.028452
0.028095
0.028491
0.027573
0.028049
0.028104
0.028993
0.026810
0.029582
0.029054
0.028372
0.028462
0.028360
0.023463
0.023830
0.027223
0.026878
0.025528
0.028799
0.025246
0.025719
0.026219
0.027587
0.027167
0.026018
0.026406
0.027142
0.026223
0.026431
0.027054
0.027104
0.026904
0.026382
0.027288
0.026017
0.025533
0.025497
0.025350
0.025450
0.025080
0.026039
0.030545
0.028062
0.030082
0.027767
0.028837
0.027891
0.029246
0.028021
0.027541
0.028546
0.028146
0.027798
0.028085
0.029691
0.029152
0.027536
0.029271
0.027736
0.026190
0.025106
0.027171
0.024584
0.024667
0.027077
0.026215
0.029897
0.035579
0.031490
0.032344
0.030407
0.029683
0.030421
0.029972
0.034351
0.032044
0.030494
0.033058
0.033070
0.031030
0.032154
0.032453
0.031817
0.031271
0.031459
0.031517
0.027370
0.025062
0.024577
0.025438
0.024600
0.025509
0.026581
0.027860
0.030136
0.027286
0.027321
0.027363
0.026444
0.027976
0.027944
0.027756
0.024611
0.025400
0.027464
0.026277
0.026445
0.026067
0.025784
0.025702
0.028290
0.024935
0.025332
0.024292
0.025929
0.027997
0.029924
0.029860
0.029064
0.029700
0.029178
0.029784
0.027872
0.028759
0.028943
0.026521
0.028444
0.025680
0.025834
0.028881
0.026780
0.025692
0.025836
0.031462
0.033924
0.028356
0.027879
0.028376
0.028642
0.029475
0.027788
0.029013
0.030442
0.027220
0.030589
0.028817
0.030219
0.027959
0.027522
0.029407
0.026627
0.025614
0.026709
0.026356
0.027104
0.030683
0.028747
0.028408
0.025895
0.025323
0.026385
0.026809
0.027119
0.026194
0.026987
0.030335
0.027983
0.025725
0.026201
0.026790
0.028913
0.026546
0.025330
0.025567
0.025349
0.027172
0.028271
0.026238
0.027004
