0.025300
0.027255
0.025815
0.025437
0.027505
0.026280
0.025972
0.025435
0.025693
0.025665
0.026610
0.025910
0.024626
0.026856
0.025459
0.027246
0.025386
0.026039
0.025765
0.025405
0.026794
0.025608
0.026939
0.025523
0.024798
0.025920
0.025698
0.027910
0.025694
0.025916
0.025527
0.025493
0.026161
0.025215
0.026775
0.025019
0.027176
0.026141
0.027424
0.025160
0.025831
0.025392
0.025045
0.026657
0.025717
0.027557
0.025327
0.026116
0.025189
0.025091
0.025873
0.025420
0.026057
0.025736
0.026062
0.025255
0.025492
0.028006
0.025423
0.027388
0.025899
0.026488
0.024928
0.025071
0.026031
0.025120
0.027572
0.025266
0.026343
0.026251
0.028545
0.025776
0.027413
0.025672
0.027359
0.026136
0.025438
0.027209
0.026851
0.026636
0.025973
0.026969
0.026832
0.027157
0.026809
0.026735
0.026038
0.023180
0.025820
0.028440
0.030045
0.028781
0.028449
0.027286
0.023628
0.022687
0.024794
0.023056
0.023243
0.023295
0.023152
0.025295
0.025728
0.025323
0.024952
0.026355
0.026506
0.025496
0.026220
0.024679
0.025896
0.024727
0.026879
0.025269
0.026469
0.023881
0.021797
0.026993
0.025360
0.028371
0.027680
0.025608
0.026704
0.025227
0.025213
0.024323
0.025244
0.024441
0.024001
0.024700
0.024910
0.024812
0.025533
0.025478
0.024906
0.025029
0.024740
0.023785
0.025274
0.023912
0.026151
0.024590
0.024293
0.024224
0.023965
0.025559
0.023837
0.026061
0.025588
0.024317
0.024076
0.024241
0.025803
0.023767
0.025226
0.023820
0.025559
0.024530
0.024334
0.025873
0.024314
0.024070
0.024117
0.023999
0.025552
0.027783
0.024870
0.024815
0.024660
0.025129
0.023564
0.024851
0.023928
0.026266
0.023700
0.024228
0.025077
0.024190
0.025466
0.023307
0.025088
0.024331
0.025418
0.024236
0.023817
0.023783
0.024832
0.025451
0.024038
0.023971
0.023787
0.023618
0.025200
0.025300
0.024385
0.024339
0.023817
0.025455
0.024153
0.025440
0.023611
0.024919
0.023609
0.023945
0.025691
0.024098
0.026350
0.024054
0.024716
0.024354
0.024409
0.026402
0.023811
0.026490
0.024245
0.024285
0.024291
0.023911
0.024664
0.024937
0.025823
0.024113
0.023653
0.023861
0.024312
0.025599
0.024479
0.025469
0.024020
0.024442
0.024153
0.023964
0.025043
0.024412
0.025438
0.024084
0.024004
0.025457
0.024487
0.026152
0.024289
0.024153
0.024090
0.023788
0.025588
0.024782
0.024465
0.024770
0.024247
0.026493
0.024725
0.025633
0.024611
0.024605
0.024727
0.024767
0.025747
0.024659
0.026088
0.024984
0.024494
0.025646
0.025053
0.025783
0.024502
0.025304
0.024897
0.024785
0.025875
0.025064
0.027077
0.024612
0.025484
0.024887
0.025390
0.025364
0.024761
0.027033
0.024703
0.025517
0.024621
0.024737
0.025326
0.024492
0.026243
0.024236
0.026038
0.024703
0.024743
0.024985
0.024320
0.027219
0.024811
0.026687
0.024396
0.024561
0.024468
0.024389
0.026175
0.024533
0.025917
0.024485
0.024681
0.024460
0.025130
0.024959
0.026953
0.024309
0.025140
0.025856
0.024491
0.026159
0.024669
0.024743
0.024814
0.024135
0.026135
0.024419
0.026312
0.024518
0.025275
0.025026
0.024648
0.025565
0.024381
0.026029
0.025083
0.025287
0.024736
0.024587
0.025758
0.024951
0.026131
0.024403
0.025134
0.024661
0.024674
0.025597
0.024700
0.027011
0.025408
0.026655
0.024767
0.026539
0.025712
0.024693
0.023615
0.026492
0.030035
0.029522
0.029472
0.027331
0.026809
0.025759
0.025666
0.024439
0.026048
0.024489
0.026679
0.024590
0.026534
0.025622
0.025384
0.025671
0.025024
0.026283
0.025128
0.026029
0.025348
0.025668
0.025338
0.025960
0.025401
0.025443
0.025393
0.026504
0.028781
0.026789
0.026672
0.026046
0.026950
0.026393
0.027852
0.026412
0.027300
0.026327
0.027782
0.026530
0.026753
0.026939
0.027056
0.027163
0.026456
0.026894
0.027196
0.027487
0.026953
0.027992
0.025948
0.028187
0.026070
0.027880
0.026391
0.026679
0.025674
0.026425
0.027443
0.026779
0.027839
0.026574
0.029700
0.026476
0.027945
0.027223
0.027277
0.026136
0.026319
0.025985
0.026320
0.028145
0.027131
0.027315
0.026282
0.027857
0.026566
0.027558
0.026560
0.027659
0.026703
0.027901
0.026899
0.026172
0.026781
0.026614
0.034941
0.026860
0.028876
0.026283
0.027678
0.026475
0.027546
0.027023
0.027589
0.026799
0.027376
0.026491
0.026905
0.026737
0.026155
0.027407
0.026504
0.027650
0.026450
0.027390
0.026524
0.027645
0.026659
0.026584
0.026721
0.025760
0.027222
0.026521
0.028376
0.026954
0.028819
0.026532
0.028625
0.027036
0.028090
0.026814
0.027558
0.027170
0.027619
0.026891
0.027236
0.027582
0.026870
0.027078
0.027366
0.026846
0.027475
0.027041
0.026916
0.027578
0.026448
0.027702
0.026493
0.027471
0.026463
0.027897
0.026326
0.028449
0.026008
0.027018
0.026763
0.026452
0.027410
0.026946
0.026745
0.027243
