0.041459
0.045107
0.041089
0.039049
0.044243
0.043387
0.042678
0.043801
0.041128
0.042171
0.045861
0.057908
0.056102
0.042582
0.041049
0.049126
0.045963
0.045532
0.045493
0.041835
0.042645
0.048472
0.045461
0.044714
0.041579
0.043451
0.042714
0.041747
0.040669
0.042578
0.042267
0.041119
0.042389
0.041492
0.043446
0.042262
0.041369
0.042853
0.043366
0.045180
0.043046
0.043690
0.044052
0.043640
0.041236
0.043775
0.043749
0.042308
0.044375
0.046392
0.042314
0.041561
0.044312
0.040701
0.039878
0.041259
0.041484
0.043464
0.042630
0.045664
0.044576
0.053108
0.051238
0.043936
0.050366
0.043394
0.042461
0.040572
0.042026
0.043127
0.042920
0.043046
0.041048
0.041570
0.041015
0.040744
0.041256
0.041933
0.043438
0.044044
0.041749
0.044041
0.051354
0.044179
0.041789
0.042346
0.043908
0.051377
0.050628
0.043686
0.045476
0.044108
0.041782
0.041951
0.045475
0.046397
0.048072
0.045074
0.041574
0.041424
0.042292
0.047766
0.042658
0.042075
0.040359
0.041480
0.043314
0.043082
0.041878
0.044246
0.044100
0.043418
0.041058
0.041003
0.049550
0.045067
0.042061
0.042299
0.044181
0.043628
0.052372
0.043041
0.042230
0.049072
0.047484
0.048225
0.045106
0.040973
0.046065
0.043127
0.041178
0.042206
0.042037
0.043939
0.041398
0.042513
0.044364
0.044924
0.044156
0.045878
0.042589
0.043773
0.068730
0.064575
0.066128
0.062421
0.065889
0.064162
0.064531
0.067253
0.066964
0.066433
0.066582
0.067570
0.069120
0.066544
0.069467
0.071212
0.066165
0.058139
0.056810
0.053647
0.050206
0.044621
0.042547
0.043347
0.043068
0.041608
0.044080
0.041506
0.041335
0.041263
0.046743
0.044624
0.044196
0.047482
0.045893
0.047334
0.049604
0.042342
0.042817
0.048492
0.043482
0.040586
0.041978
0.041823
0.042161
0.044024
0.042757
0.042568
0.040915
0.043156
0.041202
0.040852
0.041152
0.042149
0.042203
0.043674
0.040242
0.042488
0.043241
0.039988
0.040423
0.042692
0.041351
0.039834
0.039593
0.040690
0.042320
0.041475
0.040899
0.041950
0.043514
0.040751
0.041111
0.047572
0.046447
0.039487
0.040967
0.042199
0.039611
0.042221
0.043404
0.048998
0.043525
0.043344
0.042349
0.047232
0.041418
0.041657
0.047069
0.045400
0.045983
0.041762
0.038785
0.043046
0.042329
0.040842
0.041923
0.042246
0.045383
0.042847
0.041114
0.042309
0.043267
0.042739
0.040939
0.050077
0.043519
0.041284
0.043452
0.041987
0.040854
0.041334
0.044401
0.045120
0.045363
0.040016
0.042372
0.041315
0.041599
0.040623
0.038663
0.039916
0.040218
0.041213
0.041833
0.037559
0.041199
0.040393
0.040312
0.038597
0.039328
0.041415
0.042132
0.041137
0.041927
0.039686
0.045231
0.037637
0.041728
0.041033
0.041278
0.041533
0.041455
0.038789
0.041478
0.040072
0.040544
0.041745
0.040074
0.042578
0.040102
0.040940
0.041082
0.041329
0.042829
0.044096
0.041704
0.041269
0.042500
0.041495
0.039674
0.039761
0.043557
0.042672
0.040033
0.040187
0.042347
0.047469
0.044563
0.041984
0.041726
0.040865
0.041895
0.041912
0.042914
0.041940
0.046588
0.040659
0.040404
0.041724
0.041299
0.041675
0.043495
0.041140
0.042173
0.041333
0.041243
0.041662
0.042833
0.044703
0.041226
0.043391
0.043128
0.040136
0.042991
0.042037
0.040624
0.038156
0.042766
0.043644
0.043464
0.039137
0.040342
0.042224
0.042297
0.041176
0.040499
0.041860
0.041221
0.041556
0.042411
0.042094
0.041305
0.038949
0.040972
0.040266
0.041589
0.040871
0.039909
0.039817
0.045227
0.041105
0.042436
0.039682
0.039646
0.042341
0.044554
0.041324
0.046885
0.043491
0.042374
0.042100
0.039970
0.048988
0.052812
0.041072
0.041401
0.044173
0.040127
0.045034
0.041554
0.041124
0.043026
0.042654
0.039434
0.040711
0.045037
0.042015
0.065602
0.058806
0.063044
0.055382
0.053962
0.053723
0.053098
0.049910
0.054712
0.048057
0.050514
0.049524
0.042138
0.042833
0.041444
0.042707
0.047189
0.042491
0.041139
0.041744
0.040800
0.041167
0.046308
0.043636
0.041448
0.041339
0.041218
0.043103
0.041800
0.041872
0.042802
0.043625
0.042815
0.042877
0.048761
0.045014
0.043062
0.041343
0.043615
0.043811
0.041509
0.038597
0.041012
0.042684
0.042535
0.042235
0.041919
0.044561
0.041500
0.043142
0.040110
0.041903
0.041290
0.040588
0.042727
0.041211
0.041905
0.041321
0.040631
0.043059
0.041197
0.041236
0.044945
0.040995
0.041647
0.041821
0.042578
0.041528
0.041910
0.040906
0.048354
0.046314
0.040340
0.042440
0.041195
0.042910
0.042816
0.041784
0.040764
0.044136
0.042646
0.042288
0.039775
0.043060
0.044637
0.041429
0.040819
0.045378
0.041803
0.042750
0.043789
0.045982
0.042598
0.043076
0.043327
0.041453
0.042966
0.044082
0.044181
0.043483
0.040936
0.059219
0.046103
0.041218
0.042057
0.047379
0.041595
0.039814
0.039080
0.041443
