0.033520
0.036131
0.037848
0.034396
0.035072
0.033251
0.033845
0.033666
0.036005
0.035244
0.033532
0.033549
0.033721
0.033561
0.036365
0.035926
0.033912
0.033411
0.033440
0.038223
0.033581
0.033717
0.033838
0.035468
0.033775
0.035641
0.034682
0.034266
0.033921
0.033865
0.034790
0.033630
0.034788
0.033603
0.033040
0.033087
0.035550
0.035992
0.035584
0.034173
0.033549
0.033426
0.032893
0.033531
0.033135
0.033826
0.033202
0.033698
0.034372
0.033681
0.036842
0.034194
0.034034
0.032788
0.032845
0.033264
0.034158
0.032952
0.033228
0.034257
0.035211
0.033475
0.033694
0.033411
0.033777
0.033175
0.035334
0.033635
0.033990
0.034789
0.036031
0.035358
0.036738
0.036855
0.035040
0.035372
0.033352
0.033869
0.035430
0.034024
0.033444
0.033900
0.033473
0.033818
0.033687
0.034774
0.033648
0.037764
0.033163
0.032899
0.032854
0.033094
0.032975
0.032624
0.033990
0.036352
0.032954
0.037864
0.033147
0.034174
0.033340
0.033423
0.033202
0.035995
0.034450
0.034991
0.033370
0.033479
0.033468
0.036877
0.036092
0.033192
0.035184
0.033146
0.034796
0.036619
0.034467
0.032727
0.033178
0.033158
0.032913
0.034777
0.033592
0.033439
0.035333
0.033262
0.036403
0.034691
0.033888
0.033859
0.032922
0.033004
0.034043
0.033059
0.033139
0.038091
0.032712
0.033831
0.034954
0.032987
0.033083
0.033082
0.034178
0.033721
0.035030
0.034300
0.033915
0.033969
0.033820
0.034218
0.034381
0.037329
0.036428
0.034735
0.033908
0.033876
0.036447
0.033787
0.033898
0.035279
0.033971
0.033790
0.033625
0.034271
0.035797
0.035633
0.035266
0.035568
0.035531
0.034409
0.039052
0.033146
0.032696
0.032651
0.033056
0.032795
0.033881
0.034113
0.033817
0.032001
0.032768
0.032399
0.033611
0.035908
0.033170
0.032794
0.034665
0.034343
0.032510
0.034328
0.032707
0.032584
0.032711
0.032901
0.033084
0.033548
0.032771
0.036303
0.033227
0.034474
0.032865
0.033421
0.032815
0.033055
0.033321
0.034288
0.033505
0.035000
0.033211
0.033007
0.033347
0.033199
0.032764
0.033801
0.033055
0.035664
0.032796
0.032980
0.032995
0.032903
0.032942
0.032606
0.033197
0.033173
0.034378
0.033458
0.033428
0.033227
0.033767
0.038520
0.033780
0.033963
0.034111
0.034224
0.037077
0.034087
0.033648
0.033451
0.033635
0.033925
0.033212
0.033778
0.033974
0.033917
0.033607
0.033886
0.035113
0.033691
0.035124
0.037741
0.036272
0.035040
0.032574
0.032648
0.033188
0.034073
0.033833
0.032629
0.032801
0.033868
0.032214
0.034263
0.032850
0.032663
0.032769
0.032851
0.033215
0.033118
0.033033
0.032665
0.033608
0.032824
0.032725
0.032583
0.034230
0.032607
0.033168
0.032878
0.034308
0.033995
0.042406
0.034378
0.032601
0.033012
0.032891
0.035178
0.033838
0.033298
0.033283
0.033198
0.033117
0.033278
0.033103
0.037308
0.032989
0.033974
0.033211
0.032969
0.033841
0.033114
0.033087
0.034168
0.033177
0.033162
0.033546
0.034261
0.035117
0.033313
0.033098
0.033200
0.033265
0.036069
0.034809
0.036030
0.037128
0.033106
0.038186
0.034781
0.033928
0.033731
0.034195
0.033395
0.033910
0.033744
0.033482
0.033633
0.035306
0.033488
0.033138
0.033279
0.033727
0.036299
0.033351
0.033138
0.032932
0.032916
0.033438
0.034475
0.034877
0.033263
0.034000
0.033142
0.033381
0.036584
0.033502
0.036203
0.032757
0.039747
0.032992
0.034318
0.033563
0.035487
0.035341
0.033229
0.032852
0.033910
0.034945
0.032920
0.033209
0.034876
0.034481
0.036043
0.033139
0.037788
0.034975
0.033015
0.033987
0.033175
0.033015
0.033241
0.034044
0.034277
0.033919
0.032645
0.034473
0.033452
0.038360
0.033259
0.033269
0.034485
0.033189
0.034576
0.033227
0.033730
0.033339
0.033200
0.033165
0.033587
0.034175
0.033963
0.033714
0.034913
0.036574
0.034829
0.034891
0.039282
0.034604
0.035801
0.037183
0.033285
0.034079
0.033610
0.033606
0.033880
0.036938
0.033694
0.033770
0.033936
0.035466
0.035587
0.035082
0.033646
0.036735
0.035287
0.034357
0.035048
0.035644
0.033506
0.033345
0.033386
0.033550
0.035867
0.033503
0.034510
0.034596
0.034931
0.033445
0.033470
0.033593
0.033177
0.034418
0.033538
0.033510
0.037373
0.034022
0.033985
0.033824
0.035156
0.033569
0.033664
0.036769
0.034093
0.033923
0.032791
0.035085
0.035301
0.032506
0.038619
0.034660
0.034132
0.034610
0.033749
0.034258
0.034665
0.033495
0.032812
0.032952
0.035540
0.035425
0.032960
0.036379
0.035441
0.034516
0.032682
0.032815
0.036774
0.035235
0.033649
0.032599
0.032828
0.033103
0.032616
0.032984
0.032320
0.034089
0.032871
0.033862
0.032924
0.032525
0.032699
0.032878
0.034388
0.033521
0.032116
0.032496
0.033401
0.032477
0.032314
0.032928
0.032429
0.032560
0.032345
0.035547
0.032280
0.033193
0.032640
0.034552
0.033136
0.033323
0.033392
