0.025731
0.026230
0.026147
0.027788
0.028397
0.027516
0.028626
0.028859
0.027186
0.028267
0.029044
0.028965
0.029252
0.027668
0.028311
0.028540
0.028417
0.030123
0.026671
0.026353
0.028504
0.030050
0.030633
0.031448
0.030264
0.029754
0.030493
0.031052
0.031234
0.030306
0.031308
0.028728
0.026637
0.027506
0.026738
0.027250
0.027147
0.026402
0.028197
0.028189
0.028387
0.031457
0.031254
0.029913
0.030102
0.030949
0.030301
0.029544
0.030577
0.029704
0.030264
0.030535
0.030625
0.029487
0.032818
0.034705
0.033099
0.033113
0.032299
0.032515
0.032802
0.032569
0.033158
0.032512
0.031094
0.031613
0.032145
0.031096
0.031095
0.032756
0.031450
0.031628
0.030597
0.031472
0.030885
0.030813
0.028201
0.031183
0.034901
0.032598
0.031140
0.034361
0.028657
0.031100
0.027948
0.029250
0.030986
0.030499
0.029133
0.029948
0.031045
0.030139
0.029958
0.030257
0.030188
0.029571
0.030266
0.028779
0.029610
0.029975
0.029695
0.029701
0.029630
0.030638
0.030014
0.030749
0.030041
0.030350
0.030693
0.031491
0.030239
0.030923
0.030807
0.030844
0.030886
0.027890
0.026538
0.027499
0.026832
0.029385
0.028400
0.029074
0.028535
0.028081
0.028888
0.027903
0.028484
0.028736
0.027727
0.028986
0.028367
0.028366
0.029465
0.028370
0.026035
0.028615
0.027629
0.028694
0.028625
0.028608
0.028917
0.028581
0.029015
0.028166
0.028388
0.028908
0.027892
0.028527
0.028650
0.027514
0.028057
0.028402
0.027217
0.027475
0.028158
0.028477
0.028109
0.026269
0.029235
0.033293
0.027504
0.033196
0.033076
0.031377
0.030414
0.035055
0.033025
0.033935
0.034474
0.034066
0.034472
0.034384
0.034871
0.033042
0.034761
0.034150
0.034902
0.034595
0.034728
0.035327
0.034518
0.034985
0.034060
0.035747
0.034858
0.034997
0.034755
0.034530
0.034919
0.034662
0.034708
0.034926
0.036100
0.035625
0.035152
0.037815
0.036261
0.035803
0.035055
0.035890
0.035112
0.034341
0.034963
0.035392
0.034860
0.035480
0.034792
0.034824
0.035767
0.035720
0.030895
0.027425
0.027034
0.026451
0.025857
0.026958
0.026550
0.026772
0.026093
0.026435
0.025754
0.025948
0.026190
0.024553
0.024062
0.026356
0.025588
0.025882
0.025759
0.026484
0.026101
0.025615
0.026180
0.025626
0.026021
0.026340
0.026920
0.026735
0.028598
0.028713
0.028317
0.028223
0.027710
0.028206
0.028194
0.026794
0.027424
0.028160
0.027299
0.027450
0.027840
0.027894
0.025807
0.027838
0.028237
0.026965
0.027555
0.028066
0.027734
0.027931
0.027563
0.027789
0.028048
0.027896
0.028130
0.027625
0.028355
0.027501
0.026991
0.028972
0.028371
0.030079
0.030629
0.028166
0.027024
0.026645
0.026284
0.026422
0.025784
0.025682
0.025984
0.026656
0.029188
0.028468
0.029099
0.028737
0.028355
0.028492
0.028724
0.028865
0.028348
0.028163
0.029015
0.028469
0.027957
0.028750
0.028407
0.027458
0.028347
0.028322
0.027380
0.030226
0.029178
0.029734
0.028908
0.028505
0.028725
0.027382
0.029248
0.028900
0.028758
0.030149
0.029605
0.028581
0.030407
0.027880
0.030049
0.029998
0.030251
0.029263
0.029960
0.030093
0.029732
0.030500
0.030128
0.030071
0.030181
0.030493
0.029901
0.029718
0.028932
0.029494
0.029824
0.029640
0.029625
0.029833
0.029067
0.030483
0.030307
0.029664
0.028784
0.029170
0.029936
0.029865
0.029358
0.029548
0.029691
0.029763
0.030607
0.029065
0.030332
0.030049
0.029541
0.029277
0.029350
0.029270
0.028649
0.028252
0.028533
0.028580
0.027909
0.028824
0.028035
0.028283
0.028368
0.027939
0.028835
0.029309
0.027843
0.028397
0.029040
0.028649
0.028677
0.028368
0.029193
0.028112
0.033777
0.025473
0.026231
0.025491
0.024567
0.025474
0.029976
0.029294
0.029523
0.029261
0.029389
0.028375
0.029693
0.030017
0.029371
0.029878
0.028569
0.029095
0.029886
0.029327
0.029195
0.030018
0.029561
0.028751
0.029478
0.029252
0.029040
0.028868
0.029030
0.029198
0.029166
0.029718
0.028264
0.029926
0.029048
0.030411
0.029391
0.029098
0.030213
0.028480
0.028831
0.029194
0.029391
0.028589
0.028675
0.028839
0.029223
0.028896
0.029512
0.029717
0.029439
0.029107
0.028862
0.029687
0.029661
0.029562
0.029241
0.029082
0.030112
0.029317
0.029443
0.029416
0.029098
0.028987
0.028583
0.029542
0.029983
0.029281
0.029341
0.030341
0.030269
0.029927
0.030371
0.029871
0.030291
0.029570
0.030207
0.029339
0.030307
0.030005
0.032050
0.029543
0.030004
0.030142
0.028960
0.029697
0.029779
0.029495
0.029666
0.029725
0.028675
0.029680
0.030240
0.029460
0.030260
0.029714
0.030478
0.029966
0.030097
0.031116
0.029702
0.030770
0.030578
0.030558
0.029442
0.029712
0.030175
0.030170
0.029584
0.028687
0.028655
0.028603
0.028010
0.028934
0.028823
0.028848
0.028778
0.029081
0.028713
0.028975
0.029755
0.030000
0.028777
0.028124
