0.029982
0.033213
0.030285
0.030739
0.030052
0.030422
0.030972
0.030494
0.029710
0.029928
0.029538
0.030638
0.029928
0.031071
0.030110
0.029990
0.030435
0.031236
0.029942
0.030754
0.030791
0.030207
0.030076
0.030412
0.031136
0.030237
0.031570
0.029970
0.027543
0.027341
0.027246
0.027266
0.027142
0.027937
0.027593
0.027294
0.027510
0.027284
0.027501
0.027773
0.027177
0.028512
0.027944
0.027503
0.026834
0.026981
0.026911
0.027611
0.028092
0.027969
0.028149
0.026978
0.028952
0.028227
0.027437
0.027089
0.028239
0.028104
0.028162
0.028010
0.027971
0.029078
0.028305
0.027651
0.028299
0.028084
0.028106
0.026793
0.027189
0.028850
0.028928
0.027844
0.028038
0.028771
0.028176
0.027938
0.027638
0.028699
0.028682
0.027695
0.028298
0.028982
0.028779
0.028295
0.027756
0.027502
0.028276
0.028123
0.027549
0.029089
0.028221
0.027512
0.027981
0.027978
0.027899
0.028464
0.028388
0.028035
0.028912
0.028048
0.028157
0.028202
0.030945
0.030045
0.029429
0.029418
0.029379
0.029619
0.030365
0.029082
0.030542
0.030115
0.030802
0.030143
0.031497
0.030661
0.030462
0.030824
0.030108
0.030376
0.029689
0.030669
0.030389
0.030116
0.030055
0.031575
0.030360
0.031301
0.030708
0.031067
0.031445
0.030370
0.031395
0.031224
0.030324
0.030992
0.028893
0.034168
0.029737
0.029783
0.029795
0.029486
0.028775
0.028161
0.029241
0.028201
0.028163
0.028309
0.029140
0.033460
0.036016
0.038555
0.034751
0.037372
0.037390
0.032999
0.029486
0.028309
0.029497
0.029519
0.030500
0.032618
0.034357
0.031890
0.031534
0.030945
0.030565
0.030750
0.031157
0.031163
0.030320
0.030387
0.030476
0.031749
0.030531
0.030149
0.031548
0.030673
0.030665
0.029633
0.030151
0.029809
0.030629
0.029094
0.029955
0.029225
0.029341
0.029661
0.029322
0.030495
0.029505
0.029629
0.028845
0.029249
0.030773
0.029587
0.030096
0.030173
0.028988
0.029539
0.029134
0.028891
0.029313
0.029810
0.029761
0.029132
0.029377
0.029890
0.029703
0.029432
0.031047
0.029062
0.029335
0.029766
0.029918
0.029353
0.029115
0.029547
0.028892
0.030277
0.029933
0.029707
0.029385
0.028843
0.028966
0.028727
0.028480
0.029622
0.028757
0.029291
0.029141
0.029314
0.029346
0.034531
0.035224
0.030094
0.032327
0.029240
0.028949
0.029380
0.029433
0.029136
0.029075
0.028820
0.029312
0.029440
0.029866
0.028681
0.029712
0.028797
0.029514
0.029023
0.029496
0.028780
0.030008
0.029999
0.028538
0.029310
0.029016
0.028944
0.028582
0.028862
0.028220
0.029842
0.028990
0.029789
0.028068
0.028031
0.028239
0.030425
0.031553
0.036072
0.034389
0.028464
0.026446
0.026718
0.027642
0.027303
0.029285
0.028848
0.029311
0.029480
0.029222
0.029918
0.029563
0.029627
0.029419
0.028943
0.029279
0.028901
0.028934
0.029472
0.029307
0.029950
0.028475
0.029704
0.028623
0.029370
0.029119
0.028509
0.028463
0.029536
0.028784
0.030404
0.029003
0.029108
0.028820
0.028225
0.030250
0.029594
0.030848
0.030281
0.030112
0.030594
0.030126
0.030541
0.030338
0.030741
0.030914
0.030946
0.031017
0.028229
0.028556
0.027774
0.028289
0.028023
0.029636
0.027876
0.030079
0.029819
0.029288
0.029632
0.027616
0.029716
0.028551
0.028102
0.028411
0.028954
0.030152
0.029985
0.030346
0.029808
0.030337
0.029224
0.029952
0.029871
0.030001
0.029983
0.033922
0.030496
0.031319
0.031715
0.031082
0.031421
0.031014
0.031357
0.032806
0.031789
0.031795
0.031707
0.031085
0.033922
0.031889
0.029918
0.030126
0.029980
0.029943
0.029921
0.031274
0.038591
0.030786
0.029936
0.029440
0.030009
0.029682
0.030576
0.029248
0.029306
0.029133
0.028618
0.029980
0.029027
0.029595
0.028970
0.029194
0.029684
0.029683
0.030052
0.029540
0.029702
0.027648
0.027938
0.028138
0.027976
0.028363
0.028186
0.027831
0.028646
0.029250
0.030578
0.029294
0.029420
0.029457
0.030142
0.030445
0.029586
0.028907
0.029240
0.029879
0.030649
0.029155
0.030613
0.029535
0.030253
0.029192
0.030226
0.030275
0.029939
0.031020
0.029933
0.029551
0.030787
0.029523
0.029872
0.029864
0.029822
0.029774
0.029625
0.030342
0.029243
0.029731
0.030374
0.030009
0.030050
0.029536
0.029110
0.029955
0.030651
0.030063
0.030142
0.029991
0.029784
0.030124
0.031291
0.031365
0.027935
0.027572
0.027351
0.027673
0.027796
0.027690
0.028497
0.030163
0.029848
0.030176
0.029983
0.029998
0.029615
0.030243
0.030003
0.030710
0.029415
0.029243
0.031358
0.029864
0.030419
0.030019
0.029970
0.029327
0.029964
0.029490
0.030021
0.030581
0.030544
0.031008
0.029909
0.030060
0.030614
0.029498
0.029651
0.028595
0.029174
0.030093
0.030459
0.029640
0.030223
0.029990
0.029815
0.030058
0.029963
0.029942
0.030273
0.030671
0.029228
0.029433
0.029587
0.030535
0.029975
0.030086
0.029949
