0.015677
0.015286
0.014994
0.014864
0.015100
0.015195
0.014689
0.014877
0.014873
0.017013
0.015549
0.015251
0.014875
0.015043
0.014965
0.014780
0.014797
0.014806
0.015001
0.014790
0.014877
0.014659
0.014782
0.014847
0.014760
0.014950
0.015185
0.015135
0.015187
0.015432
0.014749
0.014590
0.014767
0.014879
0.015067
0.014918
0.014832
0.014782
0.014743
0.014723
0.014736
0.014782
0.014696
0.014946
0.015209
0.015176
0.015167
0.015272
0.015030
0.014943
0.014997
0.014827
0.014870
0.014882
0.015057
0.014947
0.016693
0.015675
0.015015
0.015212
0.014962
0.015760
0.015128
0.015334
0.015357
0.015128
0.015253
0.014996
0.015213
0.015008
0.015136
0.015042
0.015040
0.014981
0.014975
0.015028
0.015089
0.015210
0.015524
0.015028
0.015028
0.015379
0.014921
0.015041
0.014983
0.014913
0.015484
0.015428
0.015120
0.015080
0.015011
0.015079
0.015383
0.015123
0.015031
0.014806
0.014916
0.015042
0.015310
0.014910
0.014728
0.014873
0.014739
0.014962
0.014785
0.014662
0.014796
0.014707
0.014794
0.014731
0.014980
0.014841
0.014740
0.014703
0.014727
0.015030
0.014758
0.014816
0.014818
0.014633
0.014820
0.014883
0.014900
0.014953
0.014953
0.014950
0.015900
0.014767
0.014735
0.014896
0.014778
0.014978
0.014676
0.020108
0.016593
0.014943
0.015058
0.014836
0.014874
0.014763
0.014670
0.014736
0.014964
0.014946
0.014744
0.014882
0.014740
0.015003
0.014534
0.014608
0.015091
0.014895
0.014692
0.014757
0.014833
0.014536
0.014663
0.014882
0.014751
0.014960
0.014923
0.014891
0.014904
0.014868
0.015350
0.016047
0.015026
0.014748
0.014940
0.014832
0.015010
0.014975
0.014927
0.014940
0.014831
0.015031
0.015054
0.015294
0.015149
0.015274
0.015084
0.015135
0.014880
0.014849
0.015292
0.014722
0.014753
0.014758
0.014875
0.015020
0.014920
0.015091
0.015012
0.015010
0.014982
0.014871
