0.052600
0.028177
0.027975
0.027763
0.027133
0.027652
0.027320
0.026148
0.027296
0.026926
0.026486
0.027963
0.026982
0.027640
0.027578
0.027677
0.026735
0.028035
0.027696
0.026720
0.027552
0.027299
0.026896
0.026619
0.030800
0.030714
0.027859
0.027812
0.027728
0.027321
0.027207
0.027135
0.027089
0.027254
0.026551
0.027620
0.027084
0.028293
0.027342
0.027371
0.027261
0.027039
0.027137
0.027695
0.027949
0.026806
0.027571
0.028427
0.027441
0.029872
0.028163
0.027411
0.027336
0.027710
0.028083
0.027745
0.027451
0.026906
0.027576
0.026923
0.027724
0.028174
0.027284
0.028419
0.027126
0.025795
0.027316
0.028513
0.026190
0.027487
0.027242
0.027133
0.028051
0.026354
0.027808
0.027464
0.027655
0.026560
0.028140
0.026639
0.027125
0.028517
0.028258
0.031995
0.029284
0.027006
0.027807
0.028329
0.027888
0.026778
0.027617
0.027115
0.027360
0.027157
0.027136
0.026925
0.028526
0.027266
0.027722
0.027692
0.027218
0.027350
0.027481
0.030318
0.025772
0.026791
0.026230
0.026325
0.028524
0.028504
0.027226
0.026853
0.027757
0.026982
0.027496
0.028363
0.027151
0.026229
0.030065
0.028940
0.027277
0.027278
0.026839
0.026958
0.027195
0.028570
0.027987
0.028169
0.026460
0.027346
0.027585
0.026695
0.026850
0.026697
0.027058
0.027385
0.025615
0.026422
0.026800
0.026040
0.027515
0.026526
0.027177
0.027385
0.027036
0.026598
0.027316
0.027481
0.025542
0.027618
0.027137
0.027692
0.027176
0.027048
0.027383
0.027382
0.027645
0.026824
0.026842
0.028365
0.027187
0.028317
0.026814
0.027920
0.029079
0.027437
0.027542
0.027468
0.027279
0.027860
0.029164
0.026824
0.026862
0.027393
0.027870
0.027468
0.027810
0.026286
0.026730
0.026449
0.027829
0.027032
0.026542
0.026137
0.026565
0.027769
0.028121
0.028872
0.027082
0.027869
0.027039
0.026759
0.027450
0.027396
0.027563
0.027381
