0.075709
0.043041
0.045383
0.031580
0.030120
0.029624
0.028959
0.028608
0.027844
0.029088
0.028521
0.028744
0.028202
0.028006
0.029199
0.029326
0.027858
0.028447
0.028305
0.028105
0.028557
0.028930
0.029846
0.030676
0.030146
0.028444
0.028472
0.028018
0.028978
0.028483
0.027929
0.027612
0.028189
0.029422
0.028836
0.028289
0.028965
0.028705
0.029395
0.027832
0.028456
0.028363
0.029360
0.028248
0.028066
0.028064
0.030210
0.029420
0.027508
0.027800
0.029109
0.027867
0.028360
0.029368
0.028653
0.028371
0.028175
0.028033
0.028826
0.028933
0.027674
0.028215
0.029186
0.029778
0.028881
0.029560
0.028322
0.028819
0.028603
0.030851
0.029140
0.029863
0.028750
0.031552
0.027605
0.030449
0.027483
0.028167
0.028804
0.028047
0.028585
0.029004
0.029501
0.027750
0.026335
0.027269
0.030969
0.027366
0.026767
0.027601
0.027151
0.026915
0.029878
0.026911
0.024011
0.030162
0.028445
0.027287
0.026856
0.028721
0.028749
0.027303
0.027743
0.027135
0.030329
0.027254
0.027222
0.027322
0.026897
0.029408
0.027181
0.029133
0.026636
0.028275
0.028430
0.030504
0.029220
0.026788
0.026168
0.028597
0.026968
0.027911
0.026434
0.027593
0.026748
0.026626
0.027453
0.026481
0.027465
0.026944
0.027414
0.026433
0.028133
0.026933
0.030583
0.027101
0.026506
0.027111
0.028180
0.027334
0.027050
0.026812
0.026891
0.026516
0.027185
0.027050
0.028020
0.027382
0.026884
0.027555
0.026742
0.027022
0.027376
0.027563
0.027170
0.028665
0.027239
0.027567
0.026228
0.027467
0.027165
0.026451
0.027083
0.027711
0.027166
0.027311
0.027325
0.027057
0.027112
0.027573
0.026465
0.026664
0.030415
0.030222
0.029308
0.027530
0.029181
0.029176
0.028164
0.027640
0.027327
0.028786
0.027723
0.027761
0.028072
0.029180
0.029188
0.027883
0.027907
0.028522
0.031146
0.029117
0.028997
0.030216
0.027928
0.030315
