0.033710
0.035514
0.035666
0.036058
0.035849
0.036906
0.035505
0.036670
0.034829
0.036271
0.037593
0.035189
0.034229
0.038090
0.036365
0.036503
0.037116
0.036694
0.036297
0.034911
0.035487
0.034454
0.035940
0.034765
0.035199
0.035290
0.036345
0.036204
0.037227
0.035780
0.035388
0.036882
0.036336
0.038387
0.034493
0.034886
0.034804
0.035850
0.037011
0.036009
0.039095
0.037727
0.037653
0.037143
0.037570
0.036359
0.034580
0.034941
0.040276
0.050232
0.042347
0.036456
0.036167
0.038159
0.033828
0.034129
0.036330
0.036676
0.037242
0.036335
0.038390
0.035769
0.036679
0.037007
0.036592
0.035632
0.035078
0.036237
0.037228
0.035282
0.035567
0.032851
0.036812
0.037805
0.039232
0.035090
0.037263
0.037390
0.037696
0.037236
0.038580
0.037637
0.034537
0.034926
0.033764
0.034872
0.035716
0.034885
0.036932
0.036943
0.036274
0.037986
0.036664
0.036789
0.036411
0.037446
0.038312
0.039090
0.039548
0.038169
0.038002
0.038707
0.037935
0.035143
0.036311
0.034834
0.035660
0.039330
0.039769
0.038732
0.038713
0.038336
0.037870
0.038240
0.037212
0.038009
0.037203
0.039107
0.038694
0.041320
0.038644
0.036289
0.037708
0.037650
0.038124
0.037413
0.038643
0.037775
0.038807
0.040451
0.037475
0.038632
0.037096
0.038499
0.038776
0.038349
0.036882
0.041762
0.039088
0.039487
0.037103
0.034593
0.033169
0.034720
0.036180
0.033350
0.034021
0.036049
0.037142
0.039499
0.037820
0.033512
0.035741
0.034676
0.036643
0.036711
0.035989
0.036323
0.038285
0.033726
0.035688
0.034766
0.034610
0.035899
0.037126
0.036034
0.037545
0.036748
0.039479
0.037471
0.039355
0.035083
0.034964
0.033721
0.036494
0.034921
0.036558
0.037277
0.036525
0.034401
0.035780
0.034713
0.032963
0.035104
0.045697
0.042502
0.037956
0.032584
0.035182
0.035814
0.039005
0.038062
0.038899
0.036735
0.037009
0.037196
0.036387
0.038011
0.039514
0.035674
0.039230
0.035127
0.036562
0.035814
0.035814
0.036718
0.039375
0.043059
0.038465
0.036840
0.036310
0.036375
0.035573
0.036672
0.035304
0.037276
0.038516
0.034970
0.037086
0.037825
0.037982
0.039541
0.038876
0.039764
0.039627
0.038815
0.036930
0.038972
0.039012
0.038809
0.038964
0.038355
0.040352
0.040153
0.038961
0.039700
0.039930
0.039162
0.041945
0.041038
0.040573
0.040947
0.038721
0.041890
0.039483
0.039974
0.039671
0.041444
0.038128
0.038072
0.039363
0.042235
0.037055
0.039437
0.040005
0.038668
0.040525
0.039569
0.043882
0.038531
0.036389
0.033919
0.037479
0.032438
0.035086
0.034628
0.033364
0.035225
0.035801
0.035893
0.037482
0.036214
0.036736
0.034733
0.035366
0.036739
0.036871
0.051954
0.054115
0.051979
0.055199
0.052379
0.052018
0.054344
0.053866
0.053460
0.051240
0.056173
0.051854
0.052354
0.055273
0.056753
0.054908
0.053210
0.052308
0.054006
0.050633
0.050580
0.055979
0.053870
0.056411
0.055375
0.052454
0.052967
0.053134
0.051865
0.052014
0.055831
0.056191
0.053347
0.035086
0.036064
0.033635
0.036057
0.035479
0.034312
0.033972
0.035324
0.033437
0.035256
0.036138
0.034145
0.034954
0.035742
0.036062
0.034085
0.034577
0.035025
0.037027
0.037634
0.036370
0.035310
0.036185
0.036922
0.036399
0.036834
0.035704
0.037114
0.037481
0.038006
0.037959
0.034688
0.036032
0.036613
0.036920
0.040074
0.036969
0.038120
0.037798
0.037200
0.037232
0.033901
0.035724
0.036488
0.036548
0.037504
0.036127
0.035927
0.034482
0.035064
0.035879
0.037218
0.035884
0.036508
0.036975
0.037286
0.036759
0.039825
0.036223
0.041429
0.039303
0.038043
0.041501
0.037933
0.038819
0.039985
0.037933
0.038962
0.039214
0.038130
0.037460
0.038442
0.038184
0.036815
0.035539
