0.032953
0.033688
0.032296
0.032501
0.032798
0.033141
0.033015
0.033442
0.032591
0.033556
0.032743
0.033112
0.033892
0.033298
0.033464
0.033394
0.033666
0.032196
0.033579
0.032405
0.033056
0.033907
0.033396
0.032969
0.033712
0.033576
0.032683
0.033316
0.033829
0.032995
0.033349
0.033256
0.031238
0.030732
0.029863
0.030056
0.030527
0.030003
0.030220
0.029296
0.030888
0.030359
0.029027
0.031962
0.031991
0.032329
0.030019
0.031674
0.031461
0.030335
0.030885
0.030948
0.030968
0.032240
0.030504
0.030414
0.029812
0.031477
0.030435
0.030738
0.031023
0.031480
0.030697
0.030560
0.030564
0.030688
0.030641
0.030560
0.031137
0.030532
0.031246
0.030059
0.030425
0.030864
0.031214
0.031209
0.031006
0.030133
0.030851
0.030980
0.030827
0.030441
0.031357
0.029562
0.031003
0.030224
0.030997
0.031339
0.031476
0.030963
0.031287
0.031146
0.030607
0.030579
0.030884
0.031110
0.031295
0.030861
0.030986
0.031162
0.031513
0.031046
0.030892
0.031165
0.031418
0.031290
0.030088
0.031528
0.031325
0.030939
0.031445
0.031245
0.030965
0.030582
0.031814
0.031263
0.031578
0.030958
0.031173
0.031403
0.031255
0.030219
0.030765
0.030937
0.031007
0.030938
0.031393
0.030960
0.030983
0.031349
0.032118
0.031863
0.031598
0.032568
0.032061
0.031370
0.032376
0.031519
0.031959
0.031378
0.031845
0.031269
0.031855
0.031357
0.031913
0.031305
0.032201
0.031812
0.032364
0.030739
0.030830
0.031553
0.032488
0.031967
0.031513
0.030988
0.031870
0.032581
0.032132
0.030646
0.032510
0.031215
0.031675
0.031421
0.031196
0.031844
0.032195
0.032243
0.032567
0.032381
0.031974
0.031998
0.031251
0.031646
0.031036
0.031511
0.031959
0.031641
0.031516
0.031315
0.032118
0.030966
0.031491
0.031819
0.032051
0.031745
0.031359
0.034097
0.036811
0.039178
0.028806
0.028502
0.029847
0.028967
0.029927
0.031182
0.031396
0.032099
0.031532
0.031429
0.031901
0.031795
0.031559
0.031100
0.032154
0.031142
0.031640
0.031279
0.030962
0.031966
0.032020
0.033285
0.032216
0.031805
0.033928
0.032889
0.033223
0.032489
0.032397
0.032063
0.033060
0.033222
0.032266
0.032903
0.033459
0.033670
0.032165
0.032871
0.031445
0.032846
0.033284
0.032370
0.032397
0.032590
0.033086
0.032577
0.032807
0.032551
0.033050
0.033401
0.031740
0.032187
0.032900
0.033190
0.032826
0.032322
0.032536
0.032797
0.032635
0.034087
0.030936
0.031584
0.031099
0.030884
0.030663
0.031079
0.032256
0.031432
0.031237
0.031095
0.030519
0.031138
0.034035
0.040827
0.030939
0.031034
0.031175
0.031527
0.031332
0.029846
0.031007
0.031788
0.031361
0.030722
0.030953
0.032034
0.031001
0.030908
0.030238
0.031457
0.030446
0.030986
0.031482
0.030933
0.031456
0.031050
0.030570
0.031384
0.031508
0.030082
0.030949
0.032251
0.031637
0.031313
0.031078
0.031353
0.030373
0.031093
0.030462
0.030821
0.031564
0.031194
0.031525
0.031505
0.030872
0.032030
0.030717
0.031117
0.031250
0.031185
0.031087
0.030828
0.030243
0.032414
0.030973
0.030480
0.030402
0.031216
0.031268
0.031000
0.030634
0.030702
0.030779
0.030220
0.030837
0.031347
0.030575
0.030816
0.030762
0.031141
0.030042
0.030727
0.031794
0.032013
0.032589
0.033210
0.032420
0.031960
0.032157
0.032488
0.031433
0.032133
0.031766
0.032285
0.031690
0.031833
0.031834
0.031431
0.032539
0.030747
0.031843
0.031615
0.033165
0.032520
0.032980
0.033073
0.032855
0.033395
0.032650
0.033462
0.033397
0.032801
0.032148
0.031914
0.032468
0.035604
0.038518
0.038414
0.034361
0.034609
0.035326
0.033965
0.032012
0.033221
0.034085
0.035049
0.035653
0.033710
0.034008
0.034290
0.035278
0.035023
0.030594
0.034853
0.033392
