0.060216
0.063396
0.062244
0.062524
0.061101
0.061014
0.064718
0.065409
0.065949
0.061324
0.063247
0.061435
0.062262
0.061251
0.060438
0.061701
0.072420
0.060985
0.062613
0.080218
0.065702
0.062742
0.060906
0.060443
0.060182
0.060852
0.060884
0.063846
0.064031
0.062564
0.063350
0.062534
0.063148
0.061311
0.060824
0.061051
0.066536
0.063950
0.066525
0.062325
0.062078
0.064197
0.067991
0.061904
0.063078
0.061783
0.065269
0.061961
0.062315
0.061721
0.061894
0.062330
0.062012
0.061923
0.070670
0.064000
0.061332
0.063122
0.063241
0.065460
0.072375
0.064024
0.061639
0.063193
0.065944
0.061807
0.062517
0.066260
0.063116
0.063212
0.064561
0.065085
0.063271
0.063564
0.062912
0.064606
0.062620
0.065684
0.069469
0.066034
0.065291
0.062195
0.063407
0.063049
0.066928
0.064688
0.065132
0.062926
0.063019
0.063286
0.063543
0.066239
0.062351
0.062179
0.070621
0.065754
0.070234
0.064577
0.062382
0.062481
0.062244
0.063283
0.061800
0.062693
0.063705
0.062187
0.062782
0.064468
0.062265
0.061084
0.062619
0.061668
0.061874
0.066745
0.063285
0.068504
0.062370
0.066333
0.063830
0.065377
0.063733
0.065074
0.065888
0.066280
0.062619
0.065352
0.063855
0.064108
0.062683
0.068241
0.062117
0.064119
0.063753
0.064358
0.064304
0.068338
0.062546
0.063270
0.064377
0.064334
0.065658
0.066494
0.062376
0.061588
0.062841
0.063945
0.063870
0.061359
0.068993
0.073829
0.063004
0.063020
0.060405
0.064654
0.062203
0.072048
0.062471
0.063297
0.062679
0.062852
0.062945
0.064107
0.064014
0.062240
0.062557
0.062587
0.064189
0.063904
0.063943
0.067950
0.067935
0.064810
0.064613
0.065111
0.064885
0.064216
0.062749
0.064054
0.063734
0.064635
0.065124
0.067956
0.065666
0.064691
0.067125
0.064804
0.066218
0.064805
0.070748
0.071079
0.068681
0.061105
0.064054
0.071544
0.067170
0.065222
0.061368
0.063314
0.065852
0.064143
0.063966
0.062864
0.064435
0.073055
0.063103
0.061021
0.065197
0.063803
0.060860
0.063326
0.064321
0.069360
0.065252
0.067416
0.085926
0.071049
0.065980
0.062553
0.065479
0.061162
0.063135
0.061959
0.065709
0.064789
0.063390
0.061857
0.062977
0.065865
0.064710
0.062815
0.064699
0.065272
0.067347
0.061217
0.062062
0.061888
0.066141
0.067467
0.063484
0.070417
0.064183
0.064747
0.066363
0.064746
0.065380
0.068992
0.065997
0.065277
0.065011
0.068486
0.066328
0.065251
0.064552
0.068658
0.063609
0.067274
0.067755
0.063559
0.064917
0.066443
0.065299
0.062670
0.064064
0.063053
0.062377
0.063090
0.062231
0.062045
0.063920
0.063344
0.062861
0.065094
0.062196
0.062448
0.062244
0.061906
0.063091
0.064727
0.064332
0.067617
0.064057
0.068114
0.065213
0.062722
0.061661
0.061330
0.064315
0.065963
0.066691
0.070215
0.063432
0.062186
0.061154
0.061503
0.063780
0.062956
0.065485
0.062766
0.065580
0.063332
0.065274
0.063753
0.066182
0.062515
0.063367
0.062779
0.062863
0.062342
0.065989
0.070706
0.069640
0.062562
0.068019
0.062159
0.063311
0.074668
0.063426
0.061573
0.063030
0.066449
0.062779
0.061632
0.065926
0.061386
0.066803
0.062092
0.061257
0.062108
0.062614
0.063785
0.065295
0.061983
0.062045
0.061494
0.061928
0.061444
0.061526
0.063695
0.062216
0.063662
0.062637
0.062824
0.063543
0.068110
0.064944
0.063068
0.069236
0.064265
0.064492
0.066603
0.063250
0.062959
0.062867
0.066934
0.063135
0.066583
0.062942
0.067969
0.064536
0.061902
0.063294
0.068208
0.062344
0.064514
0.065159
0.061814
0.062238
0.060877
0.065266
0.064247
0.063314
0.060775
0.065460
0.062860
0.063345
0.063434
0.062369
0.067429
0.063489
0.064597
0.097672
0.107336
0.098409
0.098214
0.101973
