0.069941
0.063523
0.065129
0.071508
0.071506
0.076539
0.080117
0.076557
0.080363
0.078517
0.077989
0.083389
0.079567
0.084177
0.075076
0.078257
0.077948
0.065611
0.066733
0.070436
0.064104
0.064911
0.068247
0.063728
0.068197
0.062357
0.066864
0.067253
0.064299
0.068513
0.069313
0.070832
0.062915
0.066736
0.069227
0.068900
0.067660
0.066582
0.069876
0.066853
0.066219
0.067049
0.069616
0.068633
0.070210
0.065684
0.066632
0.068749
0.063565
0.062771
0.063227
0.066835
0.067487
0.065613
0.065552
0.064625
0.065788
0.067998
0.066713
0.067012
0.063899
0.063094
0.062602
0.067136
0.062574
0.063807
0.066863
0.062573
0.071744
0.063951
0.063958
0.064803
0.062696
0.062082
0.065068
0.067634
0.069637
0.061103
0.064726
0.066301
0.063432
0.066684
0.075678
0.065177
0.065745
0.069201
0.064535
0.065798
0.068267
0.069772
0.064977
0.067792
0.068588
0.067537
0.069060
0.071848
0.067635
0.073467
0.069114
0.065509
0.069009
0.066252
0.067830
0.071649
0.070359
0.065466
0.066718
0.065750
0.067808
0.063275
0.068207
0.068400
0.068116
0.067171
0.063551
0.065577
0.063639
0.069986
0.068737
0.069478
0.064331
0.068175
0.064105
0.069302
0.065090
0.065209
0.069954
0.072886
0.063896
0.067601
0.066040
0.065285
0.067093
0.068291
0.068290
0.066739
0.063757
0.064242
0.064169
0.067263
0.065261
0.065211
0.067197
0.068331
0.066410
0.066403
0.067960
0.072608
0.068370
0.068626
0.073454
0.067490
0.076280
0.067899
0.067098
0.063905
0.065170
0.064770
0.065426
0.069919
0.063387
0.064878
0.067885
0.066730
0.063558
0.063807
0.067717
0.067727
0.065217
0.064177
0.064822
0.068647
0.065502
0.062501
0.067094
0.066685
0.064243
0.063543
0.068061
0.063231
0.073272
0.065446
0.064340
0.069436
0.064642
0.063437
0.063518
0.065711
0.066385
0.068342
0.068045
0.064858
0.066323
0.063145
0.066436
0.066544
0.067324
0.066624
0.065930
0.070730
0.067602
0.062919
0.066896
0.084977
0.069290
0.075922
0.066586
0.072449
0.067670
0.067891
0.067739
0.066135
0.066626
0.072085
0.073390
0.073274
0.070063
0.067363
0.067926
0.070848
0.082230
0.066219
0.067381
0.066091
0.070078
0.064868
0.069450
0.067359
0.068445
0.067293
0.064430
0.065924
0.062859
0.067590
0.064298
0.064942
0.063389
0.071709
0.071810
0.069209
0.069236
0.071583
0.070766
0.072419
0.072413
0.073759
0.070051
0.073977
0.071957
0.072849
0.071635
0.071458
0.073044
0.075540
0.076201
0.069572
0.067890
0.065602
0.064537
0.067365
0.076735
0.067542
0.072222
0.073271
0.080232
0.074771
0.078733
0.070640
0.075323
0.074829
0.072695
0.079908
0.075799
0.066493
0.065286
0.064684
0.063226
0.066221
0.064612
0.067367
0.066904
0.070105
0.071804
0.075120
0.071819
0.063027
0.070187
0.071672
0.071233
0.066029
0.067643
0.068815
0.068756
0.076274
0.067755
0.067871
0.069211
0.063559
0.067965
0.068362
0.069201
0.065629
0.071635
0.067112
0.069789
0.071269
0.064463
0.071373
0.071038
0.065602
0.064334
0.066724
0.065218
0.065193
0.075067
0.065981
0.068920
0.068441
0.072963
0.073808
0.073106
0.079142
0.069290
0.076696
0.080243
0.078247
0.079941
0.076731
0.081413
0.077921
0.081362
0.077529
0.071444
0.072144
0.073510
0.064070
0.065504
0.065914
0.063565
0.065064
0.065625
0.068460
0.067800
0.072149
0.069509
0.067457
0.069257
0.064373
0.065417
0.062189
0.066740
0.068146
0.064114
0.064184
0.062739
0.068794
0.064715
0.067914
0.069138
0.063787
0.060953
0.063218
0.067044
0.066912
0.066076
0.067748
0.068429
0.066436
0.063107
0.066384
0.073284
0.069950
0.063913
0.066913
0.065263
0.071151
0.065083
0.070271
0.067934
0.067676
0.067338
0.066602
0.064982
0.062858
0.069416
