0.043532
0.044198
0.043436
0.042975
0.045165
0.044796
0.043900
0.044008
0.044892
0.045792
0.043752
0.044546
0.042560
0.044577
0.044031
0.045270
0.044200
0.043331
0.043222
0.044130
0.042920
0.042177
0.043254
0.045412
0.044311
0.043962
0.047171
0.049534
0.049079
0.047794
0.047647
0.052429
0.049668
0.049063
0.046851
0.047322
0.048077
0.046829
0.049084
0.048853
0.046878
0.049354
0.049778
0.048143
0.049499
0.048425
0.048402
0.048375
0.047119
0.048431
0.046855
0.046904
0.047690
0.048475
0.049921
0.048718
0.046465
0.049116
0.049546
0.048995
0.048692
0.049781
0.047722
0.049605
0.048182
0.048853
0.049127
0.047988
0.047886
0.049276
0.048859
0.048681
0.047685
0.050074
0.048000
0.048682
0.048519
0.048619
0.047669
0.048521
0.050315
0.048462
0.047856
0.048242
0.048104
0.048749
0.048125
0.046528
0.047803
0.047864
0.047965
0.048160
0.048151
0.049140
0.046225
0.046964
0.048250
0.046667
0.048047
0.047505
0.047749
0.046340
0.048716
0.046977
0.046243
0.047396
0.043349
0.043319
0.043165
0.043631
0.043692
0.043599
0.045467
0.043887
0.045108
0.042678
0.045552
0.043440
0.045680
0.054671
0.047505
0.044298
0.043773
0.043812
0.044274
0.045849
0.043973
0.043965
0.043071
0.043762
0.044227
0.042482
0.045273
0.044568
0.043751
0.044650
0.044525
0.043026
0.044346
0.042507
0.042051
0.044220
0.044345
0.043495
0.043388
0.043625
0.043546
0.043719
0.044110
0.043913
0.043862
0.044173
0.044897
0.042363
0.042842
0.044163
0.043721
0.043800
0.043333
0.043811
0.042236
0.042393
0.042907
0.043350
0.044953
0.043119
0.042997
0.044500
0.044705
0.043463
0.045021
0.045734
0.044285
0.044788
0.043232
0.045248
0.044117
0.044266
0.045102
0.043272
0.043604
0.043663
0.043610
0.046449
0.044070
0.045101
0.044261
0.044575
0.045063
0.044113
0.044140
0.043027
0.041548
0.044229
0.043046
0.042957
0.041957
0.043572
0.043390
0.042212
0.041434
0.042386
0.041916
0.044370
0.042305
0.042430
0.042503
0.043317
0.042679
0.043859
0.042345
0.043679
0.044203
0.043879
0.044387
0.044174
0.044627
0.043423
0.043636
0.043798
0.044226
0.045063
0.045689
0.045082
0.043322
0.046228
0.045323
0.044964
0.045819
0.042923
0.045673
0.046420
0.044977
0.045358
0.044981
0.045096
0.046834
0.043871
0.045047
0.043210
0.044904
0.046079
0.046296
0.045144
0.045270
0.044639
0.044505
0.044755
0.044415
0.044898
0.044355
0.044509
0.044251
0.044973
0.045654
0.046320
0.045160
0.054555
0.042770
0.045239
0.043725
0.045683
0.045029
0.044916
0.043126
0.044714
0.047872
0.048545
0.047627
0.047069
0.048391
0.050236
0.050292
0.043847
0.043660
0.043347
0.043516
0.044633
0.043471
0.046513
0.046587
0.049466
0.046372
0.046146
0.046691
0.045341
0.046479
0.046160
0.047107
0.046513
0.046265
0.046363
0.045909
0.044492
0.046492
0.046412
0.045947
0.046022
0.045700
0.045831
0.047031
0.046573
0.046710
0.045886
0.045760
0.047957
0.046276
0.045565
0.046062
0.046663
0.047498
0.046753
0.046967
0.045517
0.046635
0.046880
0.045468
0.046367
0.046362
0.045511
0.046457
0.046995
0.045694
0.045370
0.046630
0.045861
0.044690
0.045213
0.045887
0.045357
0.045366
0.045409
0.046046
0.044685
0.046377
0.044911
0.044411
0.046553
0.046745
0.044689
0.045764
0.047163
0.044906
0.046231
0.045238
0.043794
0.043801
0.044597
0.045572
0.045553
0.046636
0.046368
0.046834
0.046690
0.047602
0.046151
0.045185
0.044714
0.045389
0.045406
0.046139
0.046885
0.045990
0.045294
0.044541
0.046193
0.046712
0.046680
0.046113
0.046729
0.045423
0.045858
0.046782
0.046555
0.045914
0.045561
0.045062
0.048173
0.042739
0.042820
0.045285
0.042498
0.044237
0.041634
0.044160
