0.016338
0.016347
0.016163
0.015223
0.016004
0.015122
0.014861
0.015104
0.015498
0.015952
0.015024
0.016757
0.015722
0.016586
0.014779
0.015310
0.015433
0.015830
0.015532
0.015200
0.016000
0.016092
0.015824
0.014908
0.016261
0.017033
0.014515
0.017407
0.014821
0.014605
0.015009
0.019246
0.017481
0.018655
0.018998
0.019209
0.023550
0.027600
0.019731
0.022681
0.021100
0.020419
0.020397
0.021126
0.021314
0.020086
0.017837
0.017220
0.016821
0.015296
0.015364
0.015257
0.015578
0.015344
0.015255
0.015303
0.015715
0.015201
0.015383
0.015175
0.015081
0.015200
0.015166
0.015187
0.015281
0.015694
0.015638
0.015586
0.015638
0.015586
0.015380
0.015360
0.015280
0.015387
0.015361
0.015344
0.015156
0.015158
0.015179
0.015133
0.017096
0.016600
0.015294
0.014805
0.015063
0.015005
0.014649
0.014713
0.015134
0.014926
0.015148
0.014967
0.014868
0.015112
0.014858
0.014692
0.014789
0.014921
0.015063
0.015775
0.015122
0.016004
0.016588
0.018075
0.016804
0.014925
0.014692
0.014695
0.015052
0.015057
0.014691
0.014669
0.014674
0.014779
0.014666
0.014712
0.014816
0.015116
0.014831
0.014744
0.014764
0.014687
0.015006
0.014633
0.014682
0.014441
0.014660
0.014560
0.014508
0.014480
0.014767
0.015698
0.016480
0.018006
0.017827
0.018403
0.018011
0.017501
0.015688
0.015088
0.015208
0.015316
0.015758
0.019025
0.018138
0.015849
0.015342
0.015274
0.015313
0.015594
0.015171
0.015271
0.015498
0.015302
0.015834
0.016531
0.015683
0.015214
0.015830
0.016705
0.016966
0.015651
0.015028
0.015302
0.014971
0.015179
0.015068
0.015139
0.015104
0.015682
0.015045
0.015218
0.015545
0.015548
0.015388
0.015578
0.016041
0.016448
0.016912
0.015984
0.016288
0.017161
0.017287
0.016104
0.016690
0.017762
0.017773
0.017674
0.017809
0.016197
0.015547
0.016252
0.015833
0.016395
0.016079
0.015004
0.015084
0.014769
0.014406
0.014472
0.014735
0.014444
0.014323
0.014349
0.014695
0.014334
0.014316
0.014803
0.014482
0.015177
0.014489
0.014421
0.014433
0.014457
0.015193
0.014603
0.014420
0.014331
0.014484
0.014319
0.014476
0.014762
0.014940
0.015114
0.016565
0.015261
0.015183
0.015070
0.015492
0.015021
0.015870
0.017191
0.016893
0.015803
0.015836
0.016312
0.016352
0.014851
0.016401
0.016145
0.015413
0.015150
0.015057
0.015983
0.015583
0.015089
0.015315
0.016777
0.016440
0.015514
0.015142
0.015073
0.015477
0.016074
0.016664
0.015460
0.015048
0.015083
0.015530
0.015315
0.015559
0.022534
0.020001
0.018795
0.015974
0.016628
0.015203
0.014996
0.014991
0.015773
0.016035
0.018082
0.016797
0.015116
0.014780
0.015785
0.015650
0.015792
0.016138
0.015701
0.015293
0.015365
0.015306
0.015261
0.016791
0.016577
0.015193
0.015145
0.015197
0.015360
0.015338
0.015421
0.015090
0.015404
0.015107
0.015316
0.015288
0.015621
0.015576
0.015950
0.015144
0.015129
0.015222
0.015210
0.015108
0.015056
0.015658
0.015024
0.014967
0.015004
0.014889
0.014992
0.014992
0.014815
0.014889
0.014880
0.015900
0.015393
0.015185
0.014811
0.015118
0.015407
0.015145
0.015486
0.015521
0.015275
0.015135
0.015274
0.015009
0.015084
0.015043
0.015163
0.015602
0.015215
0.015086
0.015068
0.014975
0.015205
0.015014
0.015144
0.015177
0.015110
0.014993
0.015008
0.015386
0.015393
0.015491
0.015169
0.015162
0.015301
0.015309
0.015341
0.015415
0.015484
0.015835
0.016945
0.016220
0.015971
0.016393
0.016890
0.016558
0.015097
0.014905
0.014899
0.015012
0.014862
0.014774
0.014643
0.014714
0.014751
0.014766
0.014785
0.014559
0.014554
0.014619
0.014674
0.014603
0.014950
0.015248
0.014649
0.014604
0.014592
0.014512
0.014609
0.014527
