0.037180
0.037832
0.037966
0.037987
0.037180
0.037192
0.037360
0.039879
0.041312
0.039006
0.039006
0.039033
0.039108
0.039697
0.038378
0.037702
0.039877
0.039008
0.038674
0.038138
0.038352
0.038480
0.037735
0.040058
0.038124
0.039163
0.042426
0.040522
0.038856
0.039977
0.039548
0.039871
0.038133
0.038672
0.039604
0.038148
0.038613
0.038839
0.038740
0.038380
0.038659
0.038888
0.038737
0.038313
0.038333
0.040336
0.039358
0.038559
0.038261
0.039217
0.038909
0.041004
0.039554
0.038394
0.038862
0.039084
0.038873
0.039057
0.038850
0.039884
0.039919
0.039752
0.039503
0.038528
0.039418
0.038904
0.039560
0.039930
0.039114
0.041110
0.039639
0.040067
0.038799
0.039649
0.039416
0.037852
0.039454
0.039329
0.039103
0.038736
0.039248
0.039305
0.041634
0.039998
0.039104
0.040473
0.039423
0.038909
0.039011
0.038313
0.038949
0.037246
0.037992
0.038724
0.037328
0.037139
0.037507
0.038140
0.039397
0.038614
0.037903
0.037788
0.037766
0.038724
0.037952
0.037396
0.038224
0.038722
0.036996
0.037922
0.037281
0.037875
0.037708
0.038070
0.038711
0.037852
0.038080
0.038723
0.039176
0.038021
0.038285
0.039303
0.037216
0.038337
0.037766
0.038080
0.038767
0.037578
0.037861
0.039110
0.038342
0.037470
0.038024
0.038854
0.037813
0.038461
0.037771
0.037897
0.038114
0.040302
0.038388
0.037662
0.039169
0.037129
0.037025
0.038100
0.038069
0.038510
0.037513
0.038893
0.037743
0.040206
0.040490
0.041125
0.040704
0.040291
0.038951
0.040369
0.038970
0.041228
0.042633
0.040517
0.040999
0.040162
0.041999
0.039894
0.039789
0.039684
0.039477
0.038978
0.038622
0.038432
0.038903
0.038078
0.040205
0.039344
0.039439
0.043024
0.040042
0.038315
0.038161
0.038215
0.038605
0.038015
0.038226
0.037861
0.037700
0.039186
0.038298
0.038501
0.038531
0.039130
0.039209
0.039637
0.038035
0.038623
0.039018
0.038526
0.038689
0.038868
0.038060
0.037448
0.039005
0.037089
0.037398
0.039134
0.039229
0.038802
0.039647
0.038735
0.038716
0.037856
0.038175
0.038691
0.038545
0.037660
0.038982
0.037992
0.037853
0.039276
0.038396
0.038651
0.038392
0.039714
0.038223
0.037472
0.038399
0.038505
0.038136
0.039599
0.040492
0.038327
0.039812
0.038398
0.038474
0.038144
0.038773
0.042723
0.037981
0.039967
0.039813
0.039684
0.039140
0.038833
0.039666
0.039421
0.038800
0.039960
0.038609
0.038894
0.038541
0.038261
0.038678
0.039594
0.038670
0.039246
0.038743
0.037958
0.038957
0.038977
0.039034
0.040179
0.038815
0.038892
0.039277
0.039194
0.038351
0.038882
0.039728
0.038819
0.039134
0.038562
0.039263
0.038541
0.040110
0.038964
0.042713
0.038961
0.038358
0.039091
0.038846
0.038716
0.039647
0.037577
0.038527
0.039723
0.039529
0.038223
0.039150
0.040445
0.039309
0.037274
0.039406
0.039183
0.038466
0.038478
0.038960
0.040422
0.039651
0.038673
0.038769
0.039366
0.039037
0.039000
0.040184
0.039790
0.039488
0.040318
0.039093
0.039863
0.039503
0.039848
0.041320
0.039108
0.038770
0.038611
0.039921
0.039517
0.039150
0.038855
0.039180
0.039474
0.039405
0.038966
0.039362
0.037624
0.038197
0.039582
0.039280
0.039784
0.038220
0.037006
0.037727
0.042057
0.038040
0.038539
0.039942
0.037581
0.037998
0.037553
0.038250
0.039018
0.039091
0.039600
0.037507
0.038229
0.037813
0.038017
0.038175
0.038227
0.038412
0.038541
0.038695
0.036949
0.039154
0.038797
0.037797
0.037768
0.040460
0.038705
0.037957
0.037917
0.038686
0.038989
0.038627
0.039887
0.038907
0.037329
0.038736
0.037583
0.039116
0.038353
0.039648
0.039029
0.038210
0.038922
0.039389
0.037862
0.036921
0.038975
0.037822
0.038092
0.039076
0.038810
0.038577
