0.024960
0.025448
0.031133
0.029060
0.028133
0.035327
0.033191
0.033621
0.032507
0.030447
0.030827
0.029360
0.027357
0.026635
0.027371
0.027496
0.026431
0.027046
0.027629
0.026545
0.028230
0.026618
0.027123
0.026385
0.027756
0.027539
0.028182
0.028058
0.027224
0.027757
0.026737
0.026486
0.028318
0.027744
0.025998
0.027320
0.027529
0.026230
0.027426
0.026977
0.027974
0.028306
0.028132
0.028258
0.027105
0.030700
0.037320
0.033682
0.033821
0.034289
0.034798
0.033883
0.034019
0.033488
0.033856
0.035476
0.034529
0.034206
0.033915
0.034023
0.034031
0.034297
0.033724
0.033116
0.034379
0.033505
0.033922
0.033207
0.032806
0.035031
0.035229
0.033572
0.033550
0.034882
0.034020
0.034685
0.034458
0.033923
0.034489
0.035403
0.034031
0.034437
0.035296
0.032834
0.033598
0.034725
0.034593
0.033025
0.034345
0.033184
0.034277
0.035677
0.033423
0.035797
0.033001
0.033802
0.034679
0.035970
0.034333
0.034105
0.034214
0.034918
0.030156
0.035562
0.035433
0.034897
0.035454
0.034109
0.035608
0.036213
0.034748
0.035603
0.035342
0.034762
0.035185
0.035774
0.035629
0.035726
0.034203
0.034709
0.034339
0.030848
0.028440
0.024337
0.024372
0.026350
0.029068
0.029289
0.030147
0.028391
0.029356
0.029904
0.028504
0.027517
0.029061
0.030877
0.030972
0.029344
0.030826
0.031321
0.030158
0.031919
0.030130
0.031525
0.031797
0.031416
0.029932
0.027935
0.027632
0.030179
0.034320
0.032895
0.033015
0.035069
0.032963
0.032333
0.032759
0.032521
0.032846
0.032356
0.030929
0.031212
0.031449
0.031737
0.030495
0.031430
0.031038
0.031403
0.030752
0.030816
0.031426
0.032047
0.031211
0.032024
0.032285
0.030228
0.030293
0.032167
0.030429
0.030844
0.029654
0.031146
0.027594
0.024727
0.026196
0.024406
0.025324
0.024388
0.024082
0.024925
0.024483
0.024769
0.025605
0.024494
0.025921
0.025430
0.026644
0.026912
0.029568
0.030857
0.030570
0.029411
0.029927
0.030027
0.031220
0.030873
0.030824
0.028378
0.026055
0.026812
0.026095
0.025936
0.026403
0.025699
0.025956
0.025313
0.027836
0.027409
0.027135
0.027383
0.027478
0.027303
0.026742
0.029185
0.028541
0.029387
0.029664
0.028578
0.029017
0.029502
0.028604
0.028578
0.029607
0.028288
0.027727
0.029126
0.028556
0.029188
0.028176
0.028510
0.028492
0.029702
0.028266
0.028600
0.029328
0.027691
0.028562
0.028770
0.028809
0.029183
0.029599
0.028899
0.028008
0.027880
0.028035
0.027318
0.028951
0.029108
0.028676
0.028967
0.030342
0.027706
0.028992
0.029171
0.027471
0.028320
0.029585
0.028128
0.028958
0.030125
0.028248
0.028362
0.030131
0.028995
0.028883
0.028533
0.029182
0.027905
0.029617
0.027244
0.028819
0.029103
0.028769
0.028551
0.029313
0.028681
0.028890
0.029129
0.028594
0.028809
0.029029
0.029427
0.028452
0.028839
0.030129
0.029660
0.027751
0.029573
0.028500
0.028642
0.026839
0.024507
0.026810
0.025656
0.026477
0.026934
0.026133
0.026234
0.025639
0.026029
0.026784
0.026202
0.025591
0.026880
0.026583
0.025898
0.027319
0.024973
0.025737
0.026837
0.026194
0.025864
0.026342
0.025864
0.027023
0.026163
0.026952
0.027041
0.026274
0.026917
0.026721
0.026573
0.026738
0.027517
0.029341
0.029763
0.029257
0.030297
0.028410
0.029315
0.030039
0.028969
0.029506
0.029941
0.030034
0.029639
0.030053
0.029583
0.030232
0.029463
0.028799
0.029052
0.030201
0.030298
0.029240
0.029804
0.029852
0.029074
0.028616
0.030922
0.030107
0.029290
0.030034
0.030073
0.028593
0.028971
0.030295
0.029234
0.029884
0.030315
0.029722
0.029742
0.029854
0.028798
0.030100
0.029674
0.029727
0.029788
0.029258
0.030506
0.029721
0.031563
0.032108
0.030715
0.031053
