0.074427
0.072141
0.073015
0.071546
0.073419
0.080218
0.090607
0.091548
0.089229
0.084398
0.070994
0.070584
0.075404
0.086103
0.079904
0.072903
0.071023
0.072204
0.074828
0.080662
0.078765
0.088649
0.089036
0.096710
0.097349
0.108249
0.084939
0.077255
0.073116
0.071599
0.072745
0.074400
0.074705
0.081257
0.081174
0.082551
0.095472
0.091858
0.094108
0.087323
0.069287
0.073990
0.069126
0.073243
0.073808
0.070233
0.073026
0.075985
0.077746
0.076769
0.079419
0.076955
0.082939
0.083337
0.082452
0.082381
0.074042
0.075762
0.078121
0.080299
0.077690
0.079964
0.077345
0.074723
0.073987
0.073454
0.075358
0.076531
0.078944
0.097009
0.109383
0.108548
0.097205
0.092335
0.092401
0.082387
0.088444
0.093842
0.094275
0.099009
0.096590
0.098291
0.087798
0.086688
0.085264
0.083163
0.088260
0.097048
0.096812
0.070756
0.073064
0.072231
0.089338
0.085576
0.085616
0.081752
0.072137
0.075686
0.072967
0.074969
0.071523
0.076365
0.073723
0.073447
0.071165
0.075233
0.072787
0.073692
0.071403
0.079193
0.073395
0.077413
0.081578
0.075737
0.083438
0.076092
0.085445
0.072875
0.075718
0.072008
0.076187
0.074329
0.068459
0.073461
0.071279
0.073243
0.080845
0.073661
0.072849
0.072083
0.077414
0.091910
0.101989
0.074414
0.075549
0.078643
0.072084
0.071959
0.070535
0.069740
0.075149
0.083205
0.083872
0.088047
0.092373
0.094054
0.128256
0.096264
0.072878
0.074750
0.073890
0.080113
0.078968
0.085289
0.087449
0.093099
0.091240
0.097101
0.075340
0.089323
0.083615
0.088784
0.086214
0.091798
0.089603
0.088057
0.087245
0.080580
0.074552
0.074093
0.073651
0.088354
0.096960
0.107021
0.094480
0.071605
0.073983
0.071865
0.071005
0.074884
0.072856
0.072581
0.073851
0.073969
0.071332
0.071391
0.078743
0.081777
0.080830
0.076228
0.089451
0.090573
0.071823
0.073967
0.071517
0.073266
0.075323
0.086029
0.079634
0.071318
0.076116
0.084938
0.079086
0.081930
0.080273
0.077713
0.076513
0.076785
0.082649
0.102667
0.077748
0.072137
0.073084
0.070113
0.073099
0.073105
0.072766
0.077014
0.076432
0.075650
0.082572
0.088415
0.086522
0.085666
0.087840
0.085628
0.088611
0.107571
0.112265
0.091093
0.073371
0.074932
0.081015
0.100168
0.132635
0.125210
0.098764
0.071484
0.078597
0.078796
0.074389
0.073223
0.076404
0.073869
0.074312
0.084274
0.083770
0.092900
0.103036
0.074409
0.075247
0.078194
0.080094
0.081146
0.079787
0.079070
0.080852
0.098673
0.106590
0.113276
0.108135
0.103059
0.092812
0.074991
0.073210
0.078271
0.077121
0.072785
0.072992
0.082976
0.075880
0.082745
0.078902
0.079969
0.079332
0.085040
0.071690
0.088676
0.072012
0.074821
0.085982
0.094038
0.096845
0.092506
0.097479
0.103225
0.107112
0.103698
0.105624
0.104244
0.097676
0.072853
0.072788
0.070313
0.074018
0.076811
0.087493
0.088608
0.084466
0.091823
0.093805
0.110894
0.103107
0.076564
0.075636
0.074486
0.075305
0.073463
0.079294
0.081428
0.098914
0.099027
0.092732
0.072631
0.078646
0.097488
0.092613
0.072991
0.070789
0.083777
0.094221
0.069698
0.074106
0.075894
0.074842
0.077675
0.077787
0.076524
0.076971
0.076631
0.075915
0.073978
0.074618
0.073651
0.079598
0.078927
0.120031
0.087188
0.078292
0.080727
0.073890
0.075220
0.074541
0.075878
0.080485
0.087856
0.085351
0.091825
0.089963
0.086832
0.107771
0.096665
0.075744
0.078927
0.073879
0.077177
0.071733
0.073941
0.075812
0.072512
0.074823
0.071901
0.072208
0.077742
0.096988
0.097434
0.095926
0.097046
0.105090
0.104482
0.106078
0.108306
0.094441
0.086133
0.087545
0.099800
0.090167
0.073787
0.072180
0.071921
0.078547
0.075235
0.077399
0.084955
0.091677
