0.049264
0.047484
0.047234
0.046977
0.046771
0.049559
0.047009
0.049356
0.049096
0.047025
0.047136
0.049865
0.051312
0.047225
0.047052
0.046780
0.048018
0.051859
0.051941
0.048513
0.055582
0.048441
0.048254
0.047449
0.048684
0.053712
0.049683
0.048308
0.049260
0.048099
0.050283
0.048424
0.047911
0.048009
0.048099
0.049625
0.048702
0.048468
0.048522
0.048774
0.052212
0.050089
0.049619
0.050459
0.048352
0.048503
0.052269
0.048530
0.047635
0.052019
0.048327
0.050414
0.053433
0.049872
0.049944
0.048635
0.048759
0.046548
0.046919
0.048132
0.047415
0.046679
0.047112
0.046544
0.046372
0.046716
0.046687
0.047275
0.046623
0.049205
0.047078
0.047555
0.047004
0.046416
0.047639
0.049492
0.047544
0.047485
0.047445
0.047858
0.047506
0.051951
0.047761
0.049758
0.049778
0.049489
0.047767
0.047477
0.049934
0.047414
0.048697
0.046795
0.047106
0.047641
0.049548
0.049195
0.049909
0.048882
0.051137
0.049043
0.051801
0.048927
0.048836
0.049573
0.052200
0.048808
0.048967
0.049169
0.052139
0.048009
0.052837
0.051035
0.048775
0.051272
0.049770
0.047205
0.047495
0.050046
0.048511
0.047150
0.047182
0.049576
0.048577
0.047349
0.047262
0.047374
0.048470
0.047518
0.049219
0.047033
0.047461
0.051701
0.047377
0.048249
0.048834
0.048484
0.050000
0.048726
0.051035
0.052616
0.048169
0.048136
0.047760
0.058716
0.048374
0.054311
0.048390
0.048329
0.050052
0.056422
0.049532
0.048417
0.048856
0.046245
0.045516
0.045837
0.046650
0.046078
0.048138
0.050041
0.046042
0.048186
0.047932
0.045946
0.046187
0.046152
0.046788
0.045892
0.046689
0.045615
0.048842
0.046139
0.047937
0.047251
0.047579
0.048435
0.047305
0.048292
0.047535
0.049686
0.049882
0.050992
0.047823
0.052059
0.047720
0.047801
0.047904
0.047630
0.050696
0.047662
0.050948
0.047836
0.053162
0.048798
0.048839
0.048495
0.048874
0.049004
0.048461
0.050962
0.048126
0.048733
0.052577
0.048756
0.048780
0.048760
0.048625
0.048678
0.048745
0.048267
0.049779
0.049642
0.052263
0.047991
0.049490
0.047839
0.047761
0.049149
0.048356
0.047254
0.051384
0.049778
0.050817
0.047346
0.046833
0.047470
0.047523
0.047666
0.053211
0.049025
0.047734
0.047652
0.047647
0.047601
0.047349
0.050211
0.047654
0.047850
0.047634
0.047979
0.047388
0.047714
0.047808
0.048794
0.047283
0.046912
0.048192
0.047741
0.049554
0.047916
0.048678
0.048093
0.054985
0.047798
0.050634
0.047508
0.049038
0.047663
0.047641
0.047910
0.049613
0.047769
0.047559
0.047507
0.047685
0.048188
0.047653
0.048176
0.047917
0.047814
0.049551
0.052107
0.052224
0.047659
0.055652
0.047385
0.047968
0.048829
0.047930
0.047860
0.048263
0.047875
0.049267
0.048079
0.047895
0.047928
0.047618
0.047950
0.048119
0.050933
0.047619
0.047510
0.048904
0.048095
0.047878
0.047722
0.047636
0.047557
0.047944
0.048157
0.050423
0.047881
0.047321
0.049727
0.047726
0.047651
0.047682
0.050078
0.048331
0.048541
0.048208
0.048027
0.048059
0.048011
0.047895
0.048179
0.048135
0.047607
0.048448
0.052491
0.048174
0.050300
0.048672
0.048475
0.047981
0.047457
0.047740
0.051499
0.047391
0.048499
0.047147
0.048146
0.046927
0.046904
0.048619
0.046856
0.047976
0.046460
0.047843
0.047579
0.049353
0.049798
0.047087
0.047153
0.047209
0.047243
0.047837
0.050421
0.048251
0.051940
0.048181
0.047945
0.048752
0.055775
0.048160
0.047848
0.049665
0.048126
0.055245
0.047855
0.047479
0.048920
0.050955
0.051417
0.047995
0.048187
0.049645
0.048580
0.048742
0.052044
0.048863
0.047737
0.049036
0.048448
0.056918
0.050386
0.048297
0.050962
0.048394
0.052067
0.051738
0.048544
0.048638
0.048434
0.049833
