0.028953
0.029978
0.029324
0.028907
0.029057
0.029344
0.029264
0.028876
0.029445
0.029891
0.030440
0.029541
0.029752
0.029874
0.029030
0.029355
0.028894
0.029275
0.029333
0.029033
0.029260
0.030218
0.029612
0.029420
0.029107
0.029276
0.029272
0.029408
0.029266
0.029219
0.029195
0.028954
0.030120
0.029045
0.029407
0.030452
0.033155
0.031546
0.029881
0.030102
0.031367
0.032027
0.029095
0.029598
0.029367
0.029208
0.029704
0.030317
0.029503
0.030474
0.031272
0.029815
0.029577
0.029221
0.030479
0.029452
0.029266
0.029465
0.029474
0.029333
0.029652
0.030580
0.031986
0.031228
0.029954
0.029920
0.031381
0.031670
0.031043
0.030279
0.029294
0.030162
0.031218
0.032197
0.030247
0.029415
0.029744
0.030225
0.029329
0.029656
0.029550
0.029693
0.029664
0.029514
0.029275
0.030442
0.029834
0.029576
0.029931
0.030489
0.030603
0.031506
0.030101
0.029413
0.030593
0.029946
0.030393
0.029242
0.029905
0.029968
0.029506
0.030220
0.032269
0.030529
0.031273
0.031262
0.030239
0.029099
0.030172
0.030156
0.029137
0.030023
0.030385
0.031373
0.029437
0.029582
0.030632
0.031497
0.031083
0.031244
0.032182
0.029492
0.029383
0.030143
0.030160
0.029311
0.029704
0.029092
0.029301
0.030057
0.029296
0.029253
0.029497
0.031842
0.032486
0.029323
0.029871
0.029384
0.029745
0.032217
0.031648
0.030546
0.029503
0.029741
0.029509
0.029524
0.029812
0.030128
0.029877
0.029309
0.036029
0.029949
0.029341
0.029333
0.028846
0.030251
0.029185
0.029528
0.029456
0.029748
0.029100
0.029491
0.029318
0.030203
0.029700
0.029213
0.029433
0.031866
0.031614
0.031825
0.029460
0.028829
0.029920
0.028783
0.029565
0.029907
0.030036
0.029423
0.030046
0.029804
0.032605
0.038785
0.035375
0.035380
0.033722
0.030392
0.031479
0.029362
0.029417
0.029525
0.029084
0.029724
0.029488
0.029742
0.029269
0.029055
0.029054
0.030762
0.031428
0.032308
0.029160
0.029021
0.030042
0.030072
0.028821
0.029350
0.029052
0.029274
0.028855
0.029247
0.029127
0.029345
0.029617
0.029908
0.028871
0.029210
0.029067
0.030711
0.029932
0.031246
0.031978
0.039273
0.029067
0.028921
0.029256
0.029439
0.029143
0.030334
0.029289
0.029127
0.029114
0.030107
0.030933
0.031530
0.029320
0.029177
0.029231
0.029141
0.028998
0.028908
0.030078
0.030332
0.030591
0.031237
0.030392
0.030092
0.030857
0.029762
0.029301
0.031840
0.040407
0.033258
0.030047
0.029230
0.030473
0.030391
0.028527
0.028801
0.028370
0.028307
0.028670
0.028914
0.030344
0.028637
0.028681
0.029024
0.028337
0.028900
0.028811
0.028479
0.028853
0.028812
0.029188
0.030129
0.028963
0.028999
0.028931
0.028450
0.028745
0.028841
0.028499
0.029067
0.029425
0.030224
0.030984
0.028684
0.028629
0.028839
0.028533
0.028956
0.028532
0.029258
0.029572
0.028435
0.028160
0.028536
0.028526
0.028788
0.029060
0.029363
0.030171
0.030375
0.030575
0.030457
0.030034
0.031212
0.031529
0.031342
0.029177
0.028613
0.028899
0.028992
0.029374
0.030099
0.029119
0.028928
0.031816
0.029659
0.029488
0.030753
0.030769
0.030971
0.029434
0.029117
0.029518
0.029894
0.030410
0.031608
0.032730
0.029410
0.029196
0.029022
0.029666
0.029301
0.028852
0.030766
0.030266
0.029541
0.029113
0.029174
0.029215
0.029207
0.029058
0.029499
0.030670
0.030496
0.030096
0.028743
0.029673
0.029065
0.029937
0.031304
0.033733
0.031115
0.030253
0.031164
0.029246
0.029157
0.029398
0.029184
0.029510
0.030775
0.029436
0.029470
0.029330
0.029598
0.030782
0.031219
0.029511
0.030189
0.029113
0.029450
0.029741
0.030593
0.029670
0.029724
0.029847
0.030997
0.030669
0.029583
0.028891
0.030055
0.029702
0.030020
0.031103
