0.044005
0.047058
0.036924
0.036701
0.037433
0.038536
0.045192
0.045479
0.047120
0.042112
0.040223
0.042625
0.041377
0.043175
0.040214
0.035046
0.037829
0.038025
0.044131
0.044347
0.040901
0.038540
0.043248
0.041576
0.041759
0.048711
0.039825
0.048500
0.046019
0.045202
0.050181
0.050596
0.042373
0.049584
0.044178
0.048399
0.045415
0.047114
0.045680
0.048833
0.041876
0.040470
0.038749
0.041523
0.040661
0.044065
0.044836
0.044676
0.047379
0.045335
0.047754
0.045336
0.051368
0.043543
0.042869
0.046820
0.047426
0.040296
0.050141
0.047166
0.048474
0.045667
0.046542
0.042832
0.046713
0.041019
0.046015
0.047255
0.043721
0.047945
0.047513
0.046030
0.045045
0.048299
0.045683
0.050351
0.047257
0.039695
0.036377
0.040542
0.039999
0.048308
0.048023
0.046955
0.052268
0.051127
0.047409
0.042385
0.047335
0.039753
0.050527
0.052174
0.045278
0.044638
0.042418
0.044621
0.047007
0.052015
0.051738
0.037146
0.037523
0.042265
0.045792
0.039445
0.045003
0.053672
0.051050
0.053511
0.051866
0.053566
0.053315
0.054483
0.051508
0.056359
0.055429
0.045546
0.059194
0.051499
0.059725
0.055226
0.057376
0.053413
0.055022
0.051861
0.057952
0.061108
0.057495
0.058792
0.049228
0.055950
0.040181
0.061799
0.051427
0.054795
0.055138
0.057295
0.053555
0.062119
0.052123
0.059518
0.056917
0.053969
0.047255
0.058842
0.052658
0.055451
0.050003
0.051897
0.049934
0.054753
0.051970
0.052439
0.059174
0.055476
0.052890
0.055860
0.054724
0.038141
0.038229
0.038015
0.037211
0.036583
0.035501
0.038081
0.044438
0.040588
0.038275
0.039396
0.041711
0.038081
0.040541
0.045780
0.037324
0.044405
0.044097
0.039810
0.039646
0.036467
0.040708
0.033560
0.043579
0.046924
0.043927
0.043156
0.039993
0.044430
0.041012
0.038123
0.038648
0.046158
0.046668
0.045407
0.045800
0.045625
0.046846
0.037636
0.040915
0.043052
0.042767
0.041781
0.048040
0.037948
0.046751
0.041788
0.046940
0.048581
0.050695
0.049525
0.044663
0.050663
0.051931
0.048140
0.047949
0.041945
0.040447
0.048622
0.053472
0.049832
0.050961
0.046160
0.050899
0.043801
0.051748
0.044667
0.041190
0.055300
0.034972
0.044209
0.049016
0.049482
0.058541
0.051144
0.052037
0.053194
0.049266
0.049556
0.051203
0.050669
0.055519
0.050853
0.041362
0.043760
0.054172
0.051340
0.052787
0.056394
0.050516
0.057630
0.041751
0.039028
0.041063
0.041998
0.044440
0.047952
0.045573
0.044740
0.043761
0.049889
0.038868
0.045894
0.041541
0.042052
0.048751
0.049667
0.045488
0.049619
0.047394
0.053289
0.037701
0.050787
0.050152
0.040806
0.047344
0.057883
0.050988
0.050106
0.046380
0.053511
0.047663
0.044629
0.052053
0.053510
0.036329
0.045104
0.033700
0.044315
0.048818
0.042591
0.044081
0.051807
0.042937
0.028557
0.044351
0.045726
0.044158
0.050257
0.054434
0.049676
0.052456
0.050274
0.050064
0.054111
0.057473
0.055332
0.049674
0.055254
0.053609
0.052301
0.048089
0.053294
0.056741
0.058456
0.055202
0.046768
0.056518
0.047536
0.048292
0.052051
0.050698
0.051049
0.048789
0.056007
0.045427
0.044828
0.030043
0.042206
0.050323
0.037408
0.038340
0.034852
0.054141
0.042032
0.036941
0.046926
0.046666
0.048938
0.043258
0.043312
0.044718
0.045648
0.038734
0.044209
0.045622
0.051962
0.044876
0.049626
0.042907
0.048196
0.042079
0.046899
0.044268
0.046003
0.040057
0.051993
0.041867
0.049914
0.037657
0.048106
0.051714
0.047210
0.043719
0.040936
0.046113
0.050390
0.045426
0.042282
0.048359
0.049220
0.049677
0.043998
0.050320
0.049573
0.050852
0.053052
0.047168
0.051755
0.045966
0.051428
0.045661
0.050795
0.046690
0.047320
0.043701
0.057740
0.049639
