0.041211
0.040815
0.040280
0.042085
0.040994
0.038929
0.038584
0.040295
0.038518
0.040321
0.040278
0.041345
0.038850
0.044547
0.042496
0.039111
0.038074
0.039498
0.040675
0.039305
0.039518
0.038017
0.038827
0.039566
0.040599
0.039171
0.038946
0.040083
0.039456
0.039412
0.039038
0.038804
0.038380
0.041601
0.040053
0.038846
0.040057
0.039388
0.039346
0.041850
0.040795
0.041080
0.040859
0.040798
0.040818
0.042317
0.039290
0.040133
0.040901
0.038963
0.041988
0.041377
0.041273
0.040532
0.040930
0.041769
0.041094
0.041729
0.040982
0.040563
0.040693
0.041437
0.041412
0.040980
0.042536
0.038888
0.039113
0.040152
0.039692
0.041139
0.041278
0.041745
0.038734
0.040985
0.038906
0.039432
0.039551
0.040094
0.041755
0.041028
0.040492
0.041580
0.040897
0.039702
0.039678
0.040419
0.040693
0.039691
0.039132
0.040663
0.038736
0.039831
0.039052
0.040628
0.039458
0.040504
0.040719
0.039225
0.040448
0.041858
0.038569
0.040557
0.042922
0.039262
0.040212
0.039587
0.043729
0.040921
0.041991
0.040540
0.041879
0.040491
0.040601
0.039854
0.039915
0.040006
0.040536
0.040562
0.040609
0.040821
0.041456
0.041116
0.039065
0.042320
0.042517
0.041321
0.040896
0.041538
0.041458
0.039264
0.042768
0.040779
0.042008
0.040943
0.041306
0.041366
0.040255
0.042166
0.040669
0.040902
0.042064
0.042761
0.039858
0.041424
0.040223
0.040001
0.041854
0.038713
0.040740
0.039195
0.040665
0.039839
0.039054
0.041065
0.040960
0.041600
0.040358
0.040922
0.041332
0.041004
0.044258
0.040062
0.040244
0.041669
0.039796
0.040856
0.041567
0.039059
0.042744
0.043463
0.041818
0.041537
0.040703
0.042432
0.043696
0.042077
0.041549
0.041600
0.042937
0.043956
0.043482
0.042009
0.040701
0.041604
0.041293
0.038438
0.044070
0.040318
0.039251
0.039923
0.043433
0.041673
0.041111
0.040467
0.040489
0.041216
0.040931
0.040840
0.041559
0.039605
0.041337
0.042682
0.041273
0.039386
0.041993
0.041105
0.040921
0.040342
0.041090
0.039484
0.039103
0.040965
0.042048
0.041056
0.041015
0.040801
0.039651
0.040552
0.041483
0.040747
0.040001
0.040843
0.041289
0.040005
0.041467
0.048777
0.042533
0.039584
0.038947
0.042008
0.039321
0.041439
0.040646
0.041932
0.040031
0.038808
0.042058
0.039767
0.042047
0.041093
0.042033
0.040247
0.040128
0.040445
0.039237
0.040673
0.040426
0.039967
0.040179
0.039570
0.038948
0.039880
0.037367
0.039174
0.037198
0.040042
0.040489
0.040250
0.040452
0.039582
0.041002
0.038655
0.040586
0.042046
0.039715
0.038949
0.039486
0.039681
0.040514
0.043330
0.040349
0.040591
0.039704
0.042951
0.039945
0.041808
0.041830
0.042988
0.040387
0.044132
0.040071
0.042152
0.041789
0.040759
0.040322
0.039844
0.041432
0.039113
0.041751
0.039911
0.043621
0.039833
0.047715
0.045124
0.040500
0.039591
0.041389
0.040015
0.040458
0.041019
0.041152
0.039637
0.042013
0.040692
0.041174
0.040619
0.039775
0.041225
0.041285
0.038766
0.040882
0.040064
0.041339
0.038731
0.040463
0.039429
0.039760
0.040991
0.041614
0.042417
0.040817
0.040710
0.042066
0.039420
0.041713
0.038734
0.039635
0.042282
0.039750
0.040021
0.040056
0.042660
0.042760
0.039974
0.044098
0.043133
0.042287
0.043586
0.039823
0.041152
0.041958
0.043316
0.039126
0.041792
0.042149
0.041529
0.039911
0.039979
0.041315
0.041215
0.042679
0.041874
0.042942
0.042827
0.039082
0.043644
0.041150
0.038854
0.043171
0.042609
0.042232
0.040934
0.041486
0.040713
0.039219
0.039670
0.042435
0.042978
0.042314
0.037334
0.039531
0.040040
0.042060
0.041889
0.040620
0.041590
0.039410
0.040578
0.041105
0.038850
0.041480
0.039789
0.040267
0.040902
0.039297
