0.025290
0.026157
0.025110
0.025566
0.025582
0.029112
0.028778
0.025162
0.025542
0.025616
0.025145
0.025883
0.025331
0.025101
0.025348
0.025273
0.025060
0.025388
0.025141
0.024931
0.025192
0.025096
0.024897
0.025190
0.025292
0.025310
0.025990
0.025378
0.025327
0.025985
0.025409
0.025072
0.025277
0.025381
0.025652
0.025631
0.025139
0.025475
0.025062
0.025179
0.025512
0.025078
0.025076
0.025378
0.025147
0.025257
0.025309
0.025048
0.025016
0.025258
0.025250
0.024976
0.025297
0.024967
0.025320
0.025860
0.024944
0.024952
0.025615
0.025160
0.025207
0.025193
0.025859
0.025127
0.025475
0.025241
0.025018
0.025514
0.025301
0.025112
0.025130
0.025124
0.024873
0.024917
0.025276
0.025327
0.025033
0.025389
0.025232
0.025541
0.025525
0.025393
0.025147
0.025740
0.025153
0.025027
0.025555
0.025239
0.024966
0.025037
0.025206
0.026046
0.025082
0.025377
0.025004
0.025185
0.025140
0.025264
0.025421
0.026074
0.025254
0.025176
0.025403
0.025572
0.025260
0.025555
0.025472
0.025109
0.025440
0.025754
0.025287
0.025378
0.025695
0.025037
0.025284
0.025486
0.025648
0.025521
0.025538
0.025700
0.025175
0.025277
0.025601
0.025164
0.025429
0.025801
0.025833
0.025458
0.025703
0.025559
0.025376
0.025539
0.025486
0.025270
0.025744
0.025701
0.025441
0.025374
0.026159
0.025569
0.025770
0.026063
0.025883
0.025478
0.025759
0.025868
0.025823
0.025512
0.025783
0.025696
0.025651
0.025429
0.025693
0.025465
0.025472
0.026365
0.025906
0.025737
0.025923
0.025785
0.025360
0.025451
0.025781
0.025573
0.025366
0.025736
0.025711
0.025728
0.026146
0.025015
0.024993
0.025196
0.025055
0.024809
0.025244
0.025094
0.024716
0.025031
0.025407
0.024969
0.024738
0.025083
0.028164
0.025968
0.025380
0.025047
0.024860
0.024872
0.025430
0.025220
0.024815
0.025431
0.024900
0.025616
0.026084
0.025033
0.024957
0.025120
0.024801
0.024938
0.025192
0.024778
0.025047
0.025518
0.025310
0.025472
0.025795
0.025463
0.025405
0.025883
0.025760
0.025441
0.025615
0.025639
0.025582
0.025505
0.026198
0.025753
0.025436
0.026008
0.025669
0.025436
0.025485
0.025549
0.025704
0.025527
0.025630
0.025669
0.025710
0.025954
0.025483
0.025317
0.025702
0.025916
0.025738
0.025308
0.025983
0.025633
0.025437
0.025613
0.025697
0.025020
0.025045
0.025350
0.025067
0.024987
0.025371
0.025389
0.025168
0.025525
0.025204
0.025069
0.025541
0.025167
0.028876
0.029012
0.025128
0.025635
0.025389
0.025432
0.025764
0.025467
0.025114
0.025533
0.025138
0.024816
0.025031
0.024890
0.025281
0.025074
0.025096
0.024949
0.025233
0.025554
0.025031
0.024387
0.024935
0.024718
0.024874
0.025133
0.024654
0.024921
0.024789
0.025740
0.024541
0.024670
0.024698
0.024440
0.024797
0.024899
0.026032
0.024617
0.024556
0.025235
0.024475
0.024525
0.024832
0.024584
0.024418
0.024537
0.024597
0.024561
0.024511
0.024377
0.024866
0.024675
0.024451
0.024603
0.024368
0.024878
0.024747
0.024551
0.024772
0.025199
0.024396
0.024560
0.024568
0.024390
0.024655
0.024389
0.024583
0.024884
0.024453
0.024489
0.024526
0.024820
0.024831
0.024664
0.024558
0.024763
0.024682
0.024348
0.024713
0.024369
0.025700
0.025048
0.024425
0.024408
0.024592
0.024540
0.024435
0.025024
0.024381
0.024779
0.024679
0.024868
0.025308
0.024775
0.024613
0.025238
0.024679
0.024458
0.025046
0.024649
0.024995
0.024936
0.024761
0.024908
0.024742
0.024570
0.024562
0.024787
0.025526
0.032422
0.025074
0.025027
0.024963
0.025024
0.025067
0.024806
0.024803
0.025218
0.024697
0.024876
0.024827
0.024763
0.024646
0.024618
0.024714
0.024589
0.025151
0.024655
0.024704
0.025302
0.025454
