0.017299
0.017036
0.016674
0.017047
0.016933
0.016848
0.017374
0.018098
0.017299
0.017590
0.018316
0.017546
0.017056
0.018739
0.018332
0.018874
0.018207
0.017425
0.016704
0.016887
0.019155
0.019075
0.016945
0.017993
0.018273
0.018181
0.017778
0.018574
0.018258
0.017687
0.017068
0.016806
0.016738
0.017091
0.017703
0.017084
0.016930
0.017427
0.017503
0.018607
0.017301
0.017271
0.018530
0.018006
0.018074
0.018024
0.016451
0.016456
0.016411
0.017165
0.017542
0.017801
0.018370
0.018731
0.019209
0.016745
0.016854
0.016881
0.016618
0.016688
0.017443
0.017043
0.016692
0.017373
0.018476
0.018974
0.018794
0.018964
0.018197
0.018855
0.017753
0.016836
0.016520
0.017315
0.017639
0.016759
0.016948
0.016874
0.016607
0.016533
0.016571
0.016332
0.016756
0.016949
0.016858
0.016692
0.025364
0.025433
0.021099
0.020365
0.019388
0.017634
0.017275
0.016900
0.017347
0.018527
0.018586
0.019629
0.018578
0.018949
0.018885
0.017823
0.016575
0.017410
0.016582
0.016716
0.016971
0.016565
0.017496
0.017029
0.016581
0.017762
0.018188
0.017697
0.018107
0.018698
0.018478
0.018530
0.018854
0.018630
0.018598
0.018870
0.018404
0.017625
0.016547
0.016835
0.017827
0.017213
0.017688
0.018715
0.017709
0.017447
0.018601
0.018034
0.016782
0.017231
0.018399
0.019077
0.018665
0.018849
0.019060
0.017882
0.017510
0.017519
0.018546
0.017043
0.017802
0.019749
0.019789
0.019607
0.017779
0.018171
0.018490
0.018164
0.018285
0.018647
0.017832
0.016682
0.016889
0.017290
0.016994
0.017078
0.017159
0.016744
0.017111
0.017055
0.016779
0.017529
0.017506
0.016928
0.017333
0.017001
0.017592
0.017583
0.018899
0.017671
0.016892
0.018615
0.018352
0.016887
0.019035
0.019796
0.019909
0.019480
0.017194
0.017668
0.017234
0.017935
0.017989
0.019874
0.020391
0.019130
0.020281
0.018587
0.018223
0.017818
0.021588
0.018793
0.019139
0.018895
0.018370
0.019368
0.018577
0.018805
0.018520
0.020063
0.020725
0.022456
0.022533
0.018616
0.018545
0.019955
0.019963
0.018991
0.019193
0.020188
0.020376
0.019830
0.019056
0.017862
0.018069
0.019663
0.020147
0.018533
0.018754
0.019380
0.018118
0.018323
0.018070
0.018748
0.018341
0.017883
0.018317
0.019068
0.019614
0.017885
0.017361
0.017866
0.018339
0.017745
0.018433
0.019181
0.017769
0.018066
0.018726
0.019802
0.020451
0.022789
0.020596
0.018460
0.017655
0.017678
0.018308
0.019565
0.019971
0.019579
0.018178
0.017606
0.020295
0.017661
0.017936
0.017280
0.018415
0.018439
0.018331
0.017916
0.017362
0.017418
0.018008
0.017408
0.018239
0.022716
0.019243
0.019252
0.018383
0.018139
0.016835
0.018400
0.017568
0.018512
0.017271
0.017207
0.017562
0.018036
0.018381
0.017406
0.018135
0.018953
0.018166
0.018724
0.018940
0.020479
0.017522
0.018002
0.016840
0.016826
0.017518
0.017027
0.017015
0.016805
0.017185
0.018106
0.018104
0.018051
0.018093
0.017239
0.017022
0.016884
0.017850
0.018666
0.018448
0.018910
0.017189
0.017055
0.017114
0.019786
0.026592
0.026384
0.026388
0.026565
0.026788
0.026396
0.027270
0.027590
0.027785
0.027264
0.027113
0.027615
0.027348
0.027290
0.027850
0.028049
0.027285
0.027227
0.027129
0.027167
0.027265
0.026636
0.026901
0.026652
0.027072
0.026884
0.026943
0.026976
0.026915
0.027117
0.026886
0.027191
0.026815
0.027087
0.026921
0.026661
0.027666
0.029225
0.029470
0.026463
0.027059
0.029159
0.027048
0.026844
0.026501
0.027999
0.027493
0.027871
0.028612
0.027593
0.028244
0.027283
0.027428
0.027118
0.027884
0.027886
0.021259
0.017579
0.017785
0.017558
0.017423
0.017979
0.018043
0.017148
0.017324
0.017543
0.017332
0.017254
0.017542
