0.078431
0.084404
0.085701
0.079265
0.078023
0.081838
0.097529
0.080571
0.079730
0.075906
0.080527
0.077979
0.080663
0.076038
0.079179
0.075984
0.074596
0.077996
0.077304
0.078347
0.077027
0.079094
0.078851
0.078032
0.075960
0.081810
0.077526
0.079676
0.074954
0.081412
0.076705
0.077735
0.079924
0.077708
0.078502
0.077114
0.077400
0.078898
0.076521
0.080991
0.078430
0.081249
0.076281
0.081473
0.078182
0.078738
0.077254
0.100250
0.087883
0.077676
0.077397
0.077396
0.080008
0.082109
0.073978
0.079919
0.077932
0.075481
0.080150
0.080079
0.075416
0.081022
0.077838
0.078820
0.082827
0.077333
0.074369
0.079168
0.079034
0.077860
0.084124
0.083667
0.081371
0.075166
0.078899
0.079434
0.079277
0.082011
0.077852
0.077998
0.091968
0.089214
0.079593
0.078608
0.080643
0.079490
0.079086
0.077254
0.080903
0.079846
0.079150
0.078402
0.079962
0.076564
0.075455
0.075896
0.077793
0.081828
0.086623
0.075916
0.075168
0.075185
0.075443
0.079050
0.082386
0.085014
0.079290
0.077594
0.081772
0.073945
0.082000
0.079998
0.084675
0.082746
0.080493
0.081962
0.074245
0.082358
0.079416
0.078038
0.081093
0.117796
0.120545
0.125674
0.117592
0.121850
0.119626
0.121058
0.120662
0.116378
0.116732
0.093288
0.078113
0.076026
0.075909
0.075498
0.073881
0.076823
0.077638
0.074268
0.074322
0.075440
0.086211
0.077169
0.075610
0.076134
0.078837
0.074972
0.075712
0.078245
0.092710
0.075209
0.077902
0.077776
0.075580
0.076282
0.077232
0.074257
0.081840
0.077769
0.078953
0.083046
0.082635
0.077710
0.080769
0.079269
0.077812
0.079228
0.078905
0.084191
0.082407
0.076091
0.078422
0.091835
0.080094
0.076783
0.077508
0.078228
0.073708
0.075316
0.076333
0.078358
0.075071
0.076565
0.075030
0.078017
0.075140
0.074705
0.080443
0.076170
0.076127
0.076623
0.075092
0.077780
0.081749
0.074607
0.075913
0.079675
0.081922
0.078599
0.075618
0.073958
0.079715
0.078254
0.079245
0.082828
0.089086
0.077953
0.077884
0.077874
0.080456
0.074090
0.074833
0.084900
0.101157
0.078920
0.079976
0.085325
0.077003
0.099557
0.095005
0.075432
0.075941
0.090243
0.090215
0.079020
0.076956
0.076565
0.081673
0.079896
0.077962
0.076071
0.107505
0.079335
0.079103
0.074906
0.076824
0.076597
0.077003
0.074498
0.082847
0.077605
0.077117
0.077099
0.078422
0.075532
0.077867
0.078659
0.075636
0.082050
0.077888
0.080123
0.074488
0.075330
0.073759
0.076549
0.073059
0.078228
0.073813
0.074735
0.076577
0.075882
0.075885
0.078828
0.078268
0.077913
0.078184
0.081621
0.080883
0.079491
0.080047
0.078570
0.077564
0.077546
0.082898
0.079040
0.079187
0.079956
0.080596
0.077541
0.078834
0.077107
0.077962
0.075096
0.077095
0.077738
0.079110
0.079521
0.080560
0.077487
0.077834
0.088478
0.078221
0.077465
0.100233
0.078528
0.077601
0.076850
0.078121
0.104213
0.075093
0.081547
0.078156
0.093627
0.078667
0.075580
0.084689
0.075489
0.073909
0.077430
0.075122
0.082238
0.097150
0.080892
0.076228
0.078646
0.078038
0.076350
0.081435
0.081112
0.074884
0.079842
0.076665
0.081834
0.080693
0.078588
0.076363
0.077544
0.082139
0.075919
0.080213
0.081258
0.079222
0.081752
0.080350
0.081199
0.079435
0.081713
0.081238
0.081141
0.076505
0.077309
0.085822
0.081321
0.076371
0.081802
0.080792
0.079061
0.078597
0.078479
0.080839
0.078406
0.078587
0.079862
0.079636
0.078439
0.079528
0.079127
0.081340
0.079673
0.086257
0.077513
0.076628
0.081300
0.078799
0.079865
0.080162
0.077434
0.081241
0.084021
0.080310
0.074822
0.091540
0.079937
0.080625
0.080942
0.079217
0.080997
0.078049
0.076368
0.079352
0.076828
0.077768
0.077340
0.080706
