0.015001
0.014815
0.014883
0.014732
0.014749
0.015780
0.014773
0.015134
0.015270
0.015076
0.014987
0.014944
0.014928
0.014673
0.014775
0.014757
0.014640
0.014765
0.014881
0.014886
0.014808
0.014821
0.014704
0.015023
0.014771
0.014917
0.014825
0.015283
0.014914
0.014838
0.015006
0.014754
0.015170
0.014689
0.014634
0.014640
0.014726
0.015139
0.015199
0.015011
0.014839
0.014786
0.014826
0.014912
0.014981
0.014962
0.015637
0.014702
0.014951
0.014550
0.014718
0.014770
0.014887
0.015522
0.015015
0.015156
0.015226
0.015059
0.015042
0.015442
0.015169
0.015137
0.015319
0.015024
0.015151
0.014958
0.014998
0.015101
0.015162
0.015017
0.015307
0.015184
0.015133
0.015132
0.015096
0.015125
0.015005
0.015113
0.015021
0.014909
0.014887
0.014905
0.015052
0.015018
0.015298
0.015232
0.015281
0.015111
0.015199
0.015417
0.015196
0.014983
0.014907
0.015034
0.015159
0.014975
0.015410
0.015017
0.014963
0.015787
0.014982
0.015114
0.015686
0.015236
0.015416
0.015158
0.015151
0.015419
0.015155
0.015660
0.015104
0.015433
0.014856
0.014592
0.014571
0.014433
0.014577
0.014698
0.014628
0.014323
0.014358
0.014351
0.014336
0.015930
0.014612
0.014458
0.014672
0.014373
0.014382
0.014363
0.014338
0.014343
0.014510
0.014449
0.014456
0.014580
0.014506
0.014790
0.014228
0.014636
0.014512
0.014844
0.014588
0.014659
0.014981
0.014733
0.014515
0.014753
0.014557
0.014700
0.014574
0.014570
0.014707
0.014420
0.014300
0.014448
0.014294
0.014361
0.014399
0.014519
0.014570
0.014484
0.014277
0.014530
0.014572
0.014337
0.014337
0.016000
0.014593
0.014621
0.015626
0.015369
0.015502
0.015478
0.015348
0.015405
0.015606
0.015430
0.015461
0.015274
0.015335
0.015445
0.015772
0.015730
0.015416
0.015413
0.015714
0.015530
0.015266
0.015304
0.015278
0.015255
0.015502
0.015349
0.015436
0.015386
0.015662
0.015426
0.015374
0.015289
0.015456
0.015237
0.015373
0.015213
0.015443
0.015752
0.015421
0.015448
0.015366
0.015556
0.017955
0.019646
0.015946
0.015747
0.015571
0.016223
0.015387
0.015357
0.015171
0.015126
0.015196
0.015152
0.015674
0.015447
0.014876
0.014654
0.014774
0.014832
0.014675
0.014811
0.014933
0.015304
0.015520
0.015375
0.015564
0.015269
0.015266
0.015527
0.016305
0.016910
0.015648
0.015564
0.015812
0.015408
0.015708
0.015178
0.015158
0.016247
0.015588
0.015902
0.015730
0.015358
0.015381
0.015979
0.016754
0.017437
0.015715
0.015016
0.014990
0.015076
0.014922
0.015849
0.015053
0.014866
0.014789
0.014770
0.015148
0.015197
0.014749
0.015039
0.015926
0.015659
0.015872
0.015306
0.015567
0.015456
0.015163
0.015979
0.015389
0.015678
0.015384
0.015696
0.018089
0.018213
0.016499
0.015428
0.015120
0.015231
0.015294
0.015211
0.015276
0.015803
0.015278
0.015271
0.015101
0.015595
0.016098
0.016354
0.015387
0.015163
0.015084
0.015071
0.014962
0.014907
0.014840
0.014963
0.014959
0.017593
0.018518
0.014948
0.015106
0.015052
0.014967
0.014952
0.015285
0.015046
0.015112
0.015129
0.015263
0.015092
0.015121
0.014973
0.017074
0.016205
0.017928
0.015548
0.015062
0.015647
0.015154
0.015693
0.015167
0.015233
0.015506
0.015601
0.015702
0.016295
0.016118
0.016134
0.015929
0.015747
0.015799
0.015577
0.015633
0.015814
0.015914
0.015970
0.015836
0.015831
0.015681
0.015761
0.017404
0.015361
0.016822
0.017444
0.018839
0.016600
0.018320
0.018790
0.018679
0.017781
0.017959
0.017497
0.017310
0.017643
0.017904
0.017368
0.016436
0.016340
0.016235
0.016778
0.016838
0.016698
0.016220
0.016128
0.016175
0.016146
0.016838
0.018853
0.016265
0.016115
0.016425
0.015965
0.015887
0.016270
0.018460
