0.051291
0.046714
0.046775
0.046839
0.047109
0.047054
0.046970
0.046479
0.047360
0.046656
0.046249
0.050467
0.048697
0.050853
0.048480
0.049029
0.046535
0.047175
0.047347
0.047793
0.047694
0.048816
0.048014
0.047734
0.048615
0.047838
0.048864
0.049910
0.051636
0.049321
0.048438
0.047847
0.050793
0.047601
0.048166
0.047683
0.047897
0.051217
0.052191
0.052843
0.048913
0.047256
0.049184
0.049451
0.050405
0.047443
0.047672
0.047299
0.053073
0.047625
0.053705
0.047707
0.047597
0.047900
0.048658
0.047787
0.047666
0.050107
0.048622
0.048457
0.048437
0.048271
0.050535
0.048364
0.048584
0.047790
0.048190
0.048562
0.050031
0.054224
0.048892
0.049249
0.049127
0.048961
0.050729
0.048752
0.053160
0.050905
0.049175
0.048456
0.048373
0.049086
0.050239
0.048207
0.052833
0.047752
0.048016
0.047849
0.049759
0.048346
0.048696
0.047898
0.047721
0.047771
0.048184
0.048482
0.049602
0.049055
0.049468
0.050891
0.051200
0.049112
0.048911
0.052095
0.049141
0.053696
0.050624
0.049245
0.050047
0.049264
0.051577
0.049531
0.049772
0.053079
0.049520
0.050241
0.050572
0.051585
0.050864
0.051656
0.049879
0.050299
0.052753
0.050317
0.050697
0.050490
0.052346
0.050673
0.053694
0.051058
0.056889
0.050516
0.050615
0.051874
0.050387
0.050920
0.051663
0.050897
0.050887
0.050888
0.051770
0.050396
0.050656
0.050470
0.050647
0.050830
0.053411
0.050784
0.050957
0.049878
0.054431
0.050164
0.048250
0.048027
0.046795
0.046450
0.048244
0.047325
0.047033
0.046440
0.049767
0.047834
0.048986
0.046328
0.046356
0.047187
0.046780
0.046656
0.046323
0.048084
0.046912
0.046588
0.049662
0.047755
0.049507
0.049342
0.047692
0.049782
0.047538
0.051521
0.048582
0.050395
0.047299
0.050911
0.047580
0.049655
0.047835
0.049847
0.047648
0.050067
0.047980
0.048790
0.048515
0.048887
0.049828
0.048235
0.048979
0.048609
0.048949
0.050572
0.049119
0.049616
0.048652
0.049036
0.051861
0.049124
0.050233
0.050720
0.049153
0.049886
0.048026
0.047886
0.048570
0.048285
0.048718
0.047771
0.049350
0.047932
0.049117
0.051283
0.048067
0.048727
0.048071
0.048343
0.050210
0.048621
0.047742
0.047706
0.048558
0.048044
0.048340
0.048957
0.047317
0.055243
0.047114
0.047523
0.047198
0.047427
0.047748
0.047965
0.049312
0.047299
0.047211
0.047716
0.053204
0.047493
0.048050
0.047264
0.048737
0.049264
0.051373
0.050459
0.050620
0.049024
0.049348
0.048891
0.048815
0.048860
0.048297
0.048562
0.048650
0.048809
0.050810
0.048262
0.052418
0.048363
0.047872
0.050076
0.047499
0.047219
0.047891
0.048449
0.047309
0.046944
0.047209
0.046964
0.048987
0.047323
0.047520
0.047602
0.048618
0.051326
0.046835
0.047061
0.047758
0.052642
0.048209
0.051770
0.050308
0.050639
0.051878
0.047840
0.047388
0.047460
0.047330
0.047483
0.047479
0.047528
0.049945
0.047750
0.048146
0.047436
0.049322
0.047962
0.047738
0.047955
0.047421
0.047837
0.048451
0.049103
0.052360
0.048054
0.048236
0.048379
0.048086
0.050001
0.049446
0.048342
0.048705
0.048304
0.048413
0.048022
0.048253
0.048569
0.047926
0.048463
0.049135
0.047361
0.046274
0.046330
0.048701
0.046100
0.045980
0.046892
0.046874
0.045979
0.045768
0.050243
0.046781
0.046055
0.046826
0.046012
0.048805
0.046647
0.045992
0.046667
0.045952
0.050834
0.049293
0.049279
0.047711
0.048116
0.049589
0.048181
0.047423
0.052390
0.047648
0.047714
0.048444
0.048543
0.047587
0.052419
0.049769
0.047696
0.047562
0.048287
0.048082
0.048553
0.047789
0.048468
0.051170
0.047641
0.048627
0.047752
0.048197
0.049822
0.049944
0.048842
0.050483
0.048923
0.047906
0.047633
0.052227
0.047774
0.048702
