0.025070
0.024898
0.025346
0.025734
0.024981
0.025337
0.025126
0.024884
0.024784
0.025029
0.025185
0.025529
0.025273
0.025397
0.025118
0.025394
0.025196
0.025030
0.025195
0.025301
0.025858
0.024654
0.024699
0.024464
0.025176
0.024636
0.024578
0.024770
0.024527
0.024199
0.024490
0.024450
0.024574
0.025687
0.026351
0.024267
0.024488
0.024251
0.025699
0.028506
0.024468
0.024284
0.024615
0.024313
0.024358
0.024604
0.024243
0.024515
0.024657
0.024349
0.024463
0.024830
0.024398
0.025217
0.024278
0.025387
0.025624
0.024949
0.025172
0.025408
0.025394
0.024849
0.025127
0.025322
0.024907
0.025183
0.025130
0.024985
0.025431
0.025568
0.024986
0.025529
0.025789
0.025089
0.025050
0.025065
0.027763
0.024819
0.025225
0.025763
0.024920
0.025372
0.025099
0.025010
0.025209
0.025400
0.025013
0.025213
0.024804
0.025291
0.025054
0.028597
0.025419
0.024379
0.025058
0.024483
0.024541
0.024880
0.024534
0.024704
0.024577
0.024470
0.024679
0.024734
0.024436
0.025004
0.024659
0.024743
0.024787
0.024412
0.024881
0.024682
0.024427
0.024375
0.024858
0.024709
0.024532
0.024509
0.024400
0.024622
0.024766
0.024740
0.024676
0.024502
0.024340
0.024994
0.024306
0.024437
0.024671
0.024365
0.024726
0.024663
0.024523
0.024845
0.024480
0.024423
0.026309
0.024535
0.024446
0.024649
0.024531
0.024472
0.024656
0.024520
0.024271
0.024525
0.024604
0.024957
0.024589
0.024551
0.024860
0.024484
0.024475
0.025234
0.024740
0.024522
0.024871
0.024291
0.024649
0.024407
0.024571
0.025075
0.024875
0.024328
0.024528
0.024562
0.024445
0.024601
0.024509
0.024497
0.024788
0.024773
0.024448
0.025069
0.024590
0.024748
0.024687
0.024408
0.024750
0.024902
0.024579
0.024693
0.025887
0.025168
0.025174
0.025307
0.024454
0.024840
0.024496
0.024448
0.024756
0.024899
0.024364
0.024473
0.024633
0.024448
0.025812
0.024557
0.024864
0.024608
0.024878
0.025065
0.025640
0.024956
0.025164
0.025147
0.025008
0.024868
0.025090
0.024878
0.025116
0.025347
0.025039
0.025195
0.025849
0.025111
0.024844
0.025335
0.025029
0.025441
0.025239
0.025098
0.024967
0.025180
0.025143
0.024878
0.025052
0.025212
0.025008
0.024762
0.025084
0.025084
0.024824
0.025333
0.025133
0.024955
0.025082
0.025123
0.024542
0.024969
0.024784
0.024656
0.024863
0.024556
0.024604
0.025030
0.024607
0.024653
0.024817
0.024743
0.025143
0.024894
0.024453
0.024677
0.024650
0.024675
0.024871
0.024579
0.024512
0.024840
0.024523
0.024598
0.025028
0.024679
0.024503
0.024770
0.024752
0.024648
0.024666
0.024609
0.025362
0.025311
0.024716
0.025025
0.024895
0.024772
0.025156
0.024964
0.024592
0.024864
0.024871
0.024636
0.024990
0.024791
0.024615
0.024561
0.024972
0.024704
0.024917
0.025076
0.024562
0.024881
0.024660
0.024439
0.024949
0.024799
0.024588
0.024958
0.024789
0.024671
0.024996
0.024625
0.024663
0.025014
0.024691
0.024676
0.025737
0.024710
0.025061
0.025036
0.024894
0.026964
0.025249
0.024871
0.024897
0.024880
0.024862
0.024868
0.025261
0.024759
0.025044
0.025431
0.025112
0.025208
0.025138
0.025127
0.024869
0.025078
0.025056
0.026179
0.025121
0.025044
0.024775
0.025050
0.024864
0.025087
0.024956
0.025277
0.024859
0.024894
0.024868
0.024757
0.025498
0.024802
0.024410
0.024971
0.024624
0.024647
0.025107
0.025009
0.025256
0.024903
0.024569
0.024731
0.024689
0.024610
0.025237
0.024701
0.024702
0.025348
0.024980
0.024624
0.025241
0.024912
0.024554
0.024729
0.024753
0.024586
0.024813
0.024454
0.024525
0.024873
0.024518
0.024544
0.024933
0.024528
0.024929
0.025043
0.024766
0.030335
0.025040
0.025098
0.025239
0.025346
0.025487
