0.033888
0.033742
0.033479
0.032851
0.034104
0.032848
0.031642
0.033060
0.034382
0.036068
0.034775
0.036333
0.036093
0.035898
0.032220
0.032487
0.031960
0.035192
0.035714
0.038813
0.038371
0.031580
0.033017
0.032971
0.032405
0.034515
0.035453
0.036241
0.037354
0.035805
0.036386
0.037128
0.036220
0.035480
0.033501
0.031276
0.031659
0.032738
0.035339
0.039445
0.039186
0.036891
0.037394
0.033565
0.030697
0.034729
0.034241
0.035676
0.032891
0.034226
0.035473
0.036258
0.038281
0.036951
0.034097
0.047333
0.046112
0.035381
0.033432
0.034809
0.033176
0.035787
0.033387
0.035357
0.035491
0.035204
0.036787
0.038497
0.035740
0.035911
0.035568
0.034965
0.034035
0.035675
0.034663
0.035259
0.034348
0.035917
0.030467
0.031827
0.036453
0.035884
0.036712
0.037130
0.035675
0.032294
0.031168
0.032681
0.030940
0.036532
0.039480
0.040476
0.048194
0.035546
0.032798
0.033927
0.033390
0.033243
0.033336
0.035522
0.034297
0.032849
0.035095
0.032849
0.034031
0.033643
0.032924
0.034368
0.035455
0.033576
0.033304
0.035601
0.036850
0.037118
0.034025
0.038921
0.035621
0.035096
0.038132
0.037085
0.030119
0.029981
0.032071
0.031906
0.033236
0.033719
0.033627
0.035706
0.035285
0.036090
0.036304
0.037543
0.033394
0.034001
0.033345
0.033471
0.032476
0.034502
0.035666
0.038164
0.031790
0.033246
0.031793
0.033087
0.031108
0.034768
0.035008
0.037726
0.033747
0.033518
0.034588
0.031836
0.032645
0.032088
0.030076
0.031948
0.032448
0.035688
0.034282
0.035616
0.032863
0.035154
0.035898
0.035662
0.034601
0.030768
0.031969
0.033835
0.036812
0.033809
0.036032
0.033630
0.034616
0.034192
0.035419
0.036064
0.033702
0.034363
0.034110
0.035591
0.031973
0.030448
0.033983
0.031036
0.032470
0.031221
0.036117
0.035796
0.035196
0.032530
0.033963
0.036066
0.033778
0.035109
0.035748
0.034400
0.034710
0.037739
0.034569
0.034660
0.034586
0.036208
0.037046
0.036646
0.034690
0.036379
0.032249
0.031885
0.033642
0.034155
0.036566
0.033862
0.035581
0.034322
0.032946
0.035276
0.034223
0.032596
0.031788
0.035007
0.036438
0.032682
0.031421
0.034409
0.034889
0.038020
0.033096
0.034986
0.035055
0.032416
0.031271
0.033430
0.033239
0.034599
0.034857
0.036360
0.036204
0.034380
0.033902
0.031317
0.031023
0.033079
0.031951
0.031157
0.033207
0.031491
0.034707
0.036047
0.038495
0.032929
0.031948
0.035758
0.033661
0.033847
0.033144
0.033765
0.035625
0.033834
0.037017
0.032012
0.033938
0.032319
0.033932
0.034756
0.033269
0.031121
0.031853
0.031346
0.031477
0.034268
0.030869
0.032918
0.033159
0.032782
0.035385
0.032718
0.033597
0.033876
0.033826
0.030146
0.032419
0.031664
0.031032
0.031349
0.036804
0.037772
0.031084
0.030829
0.031834
0.034292
0.034696
0.033705
0.034935
0.034180
0.033641
0.034095
0.035400
0.032936
0.031751
0.034328
0.038758
0.035160
0.035489
0.031364
0.034891
0.034926
0.039309
0.036429
0.037601
0.038421
0.038112
0.030994
0.033312
0.032981
0.031008
0.031858
0.034001
0.034649
0.036805
0.037598
0.033539
0.035768
0.038443
0.031499
0.034297
0.035506
0.035697
0.035950
0.034991
0.037486
0.033880
0.034186
0.034094
0.032544
0.033505
0.036032
0.033402
0.030291
0.036289
0.034016
0.034837
0.033109
0.035340
0.035188
0.038129
0.036189
0.034342
0.033406
0.035068
0.032739
0.032863
0.032988
0.033421
0.035449
0.034965
0.033410
0.044117
0.038065
0.032129
0.034237
0.032818
0.036494
0.034908
0.036213
0.034402
0.037972
0.035172
0.036469
0.034966
0.036109
0.035658
0.036014
0.034779
0.035040
0.035559
0.037092
0.035505
0.035256
0.034561
0.034964
0.034428
0.032204
0.032455
0.034392
0.032730
