0.027194
0.027229
0.026585
0.028157
0.028838
0.028376
0.027791
0.028228
0.027980
0.028825
0.028296
0.030734
0.029877
0.032538
0.030673
0.029953
0.030938
0.030101
0.030184
0.029253
0.031613
0.029604
0.030377
0.030893
0.030816
0.029936
0.029771
0.029596
0.029064
0.030355
0.030912
0.029809
0.029101
0.031564
0.030596
0.027920
0.028539
0.030017
0.027481
0.028962
0.028198
0.028384
0.029767
0.028691
0.027266
0.028841
0.031542
0.028246
0.027271
0.026763
0.027645
0.027972
0.026886
0.028192
0.027911
0.026311
0.029513
0.027999
0.029484
0.028655
0.028157
0.031305
0.028872
0.028675
0.027709
0.028883
0.028066
0.028299
0.029285
0.028281
0.029657
0.027922
0.029599
0.028276
0.028434
0.028349
0.028003
0.028246
0.029947
0.028720
0.028185
0.032425
0.027799
0.029204
0.028119
0.028132
0.027867
0.028332
0.028642
0.029185
0.029319
0.031396
0.028586
0.027502
0.026869
0.028045
0.032652
0.031317
0.029730
0.028237
0.030158
0.028977
0.029197
0.028163
0.028975
0.028644
0.029826
0.027050
0.028570
0.027263
0.026348
0.027937
0.028063
0.029157
0.029936
0.028514
0.030741
0.028815
0.034562
0.029654
0.028736
0.029662
0.029560
0.030050
0.030815
0.030918
0.029361
0.029304
0.030257
0.029238
0.031699
0.030137
0.028475
0.030597
0.029028
0.027043
0.029303
0.029158
0.035198
0.029783
0.029183
0.029402
0.030436
0.029765
0.034027
0.030594
0.030825
0.031196
0.031036
0.030411
0.030248
0.030016
0.030555
0.030728
0.031721
0.028431
0.028143
0.028767
0.030979
0.033023
0.031348
0.028589
0.031724
0.030009
0.030229
0.029521
0.030482
0.029568
0.030509
0.030853
0.029671
0.028721
0.029101
0.029127
0.030647
0.030055
0.028617
0.030541
0.031311
0.030076
0.029614
0.030119
0.028638
0.030715
0.029748
0.031339
0.029338
0.029561
0.030712
0.029968
0.029067
0.030436
0.029050
0.031206
0.030772
0.028079
0.028298
0.029130
0.031020
0.030090
0.028483
0.030166
0.029668
0.028092
0.028018
0.028437
0.029688
0.027978
0.029648
0.028168
0.027960
0.027756
0.031681
0.031555
0.028649
0.028758
0.030862
0.029257
0.032877
0.029019
0.030546
0.027320
0.026972
0.028324
0.026274
0.027429
0.028866
0.028827
0.028410
0.028256
0.028569
0.027533
0.028336
0.028171
0.029025
0.030721
0.028913
0.030232
0.029768
0.030009
0.030366
0.028987
0.031278
0.027690
0.028401
0.027880
0.027619
0.028251
0.027778
0.027555
0.027498
0.026900
0.027991
0.026929
0.028203
0.028389
0.027858
0.031373
0.030270
0.032876
0.029287
0.031530
0.030899
0.030491
0.030998
0.030143
0.032382
0.031417
0.031637
0.030472
0.031333
0.031484
0.031739
0.027676
0.029116
0.030263
0.027733
0.027260
0.027473
0.027434
0.029069
0.029737
0.029107
0.030398
0.035217
0.031591
0.028262
0.027824
0.027297
0.029326
0.028633
0.026961
0.032411
0.031648
0.031484
0.032149
0.032651
0.028062
0.028780
0.028873
0.027866
0.030448
0.028480
0.027591
0.028561
0.027361
0.028997
0.029527
0.028028
0.027303
0.029232
0.028540
0.028130
0.027427
0.027175
0.028276
0.028140
0.029023
0.027257
0.027794
0.029295
0.030293
0.031060
0.031734
0.027638
0.026016
0.027071
0.027191
0.027970
0.028534
0.028270
0.028630
0.029509
0.030618
0.029644
0.028828
0.028401
0.027988
0.028663
0.029359
0.027960
0.028433
0.028607
0.028752
0.029859
0.029480
0.027987
0.028152
0.028906
0.027810
0.028267
0.029871
0.029609
0.029827
0.028502
0.029460
0.030432
0.029789
0.030376
0.029462
0.029418
0.028285
0.032411
0.029333
0.030034
0.029690
0.030891
0.028702
0.032019
0.032699
0.030671
0.030380
0.029821
0.032005
0.030979
0.027585
0.027484
0.027008
0.027654
0.030646
0.031005
0.031664
0.031072
0.030975
0.030379
