0.117986
0.118476
0.114500
0.107842
0.110033
0.113429
0.105605
0.068422
0.068471
0.065742
0.073326
0.096385
0.079035
0.084245
0.081914
0.080237
0.078691
0.077347
0.078555
0.077200
0.086711
0.083823
0.079540
0.083543
0.075059
0.099193
0.098807
0.096114
0.097312
0.086201
0.093308
0.093668
0.080987
0.092185
0.088481
0.088717
0.083372
0.071154
0.068203
0.071611
0.070988
0.065786
0.069974
0.068227
0.076699
0.096766
0.084209
0.077382
0.094170
0.109681
0.082819
0.090886
0.096210
0.093744
0.092077
0.101550
0.092252
0.087393
0.088287
0.071965
0.072422
0.083883
0.090071
0.097881
0.094754
0.108912
0.103040
0.106923
0.086102
0.093220
0.088666
0.091552
0.091689
0.089250
0.077005
0.089216
0.077889
0.076415
0.095155
0.093901
0.095914
0.084082
0.082195
0.067015
0.070015
0.068378
0.092778
0.090203
0.107135
0.091190
0.106271
0.103209
0.098255
0.115943
0.096418
0.104771
0.101586
0.091187
0.092595
0.098751
0.100671
0.094473
0.095885
0.091959
0.085294
0.082939
0.091791
0.089926
0.090707
0.086615
0.083227
0.092851
0.088261
0.106036
0.103781
0.088137
0.074647
0.079724
0.079118
0.068526
0.072108
0.070010
0.077077
0.077922
0.078236
0.085419
0.083577
0.080939
0.096086
0.082165
0.080570
0.080386
0.078056
0.080834
0.091903
0.073126
0.071394
0.086670
0.079494
0.078104
0.096563
0.091610
0.105760
0.073531
0.070481
0.076000
0.073040
0.094723
0.100769
0.100758
0.068047
0.095337
0.112329
0.104303
0.089175
0.077759
0.079632
0.071721
0.094270
0.080255
0.082330
0.069949
0.089118
0.082831
0.071383
0.071011
0.081316
0.102031
0.092961
0.092413
0.076406
0.076685
0.075869
0.077875
0.072597
0.078468
0.071008
0.071297
0.068919
0.070687
0.074755
0.071958
0.065117
0.067141
0.071214
0.084938
0.083986
0.082161
0.084478
0.067006
0.073138
0.069754
0.072428
0.074455
0.077534
0.071348
0.073867
0.071878
0.070328
0.073658
0.077575
0.070976
0.077206
0.075265
0.075520
0.075956
0.077889
0.077476
0.070853
0.068354
0.077458
0.073979
0.083648
0.079606
0.077626
0.080487
0.075697
0.070336
0.067832
0.085910
0.078847
0.071871
0.072269
0.073374
0.068808
0.067880
0.067401
0.070244
0.076518
0.071974
0.075875
0.076888
0.078818
0.073414
0.073251
0.075527
0.077275
0.075932
0.071386
0.074792
0.074742
0.073725
0.075054
0.075703
0.077359
0.075884
0.073495
0.075075
0.077138
0.076238
0.075433
0.078346
0.078674
0.073706
0.070418
0.075307
0.082225
0.072701
0.069569
0.072159
0.069111
0.072324
0.072214
0.070948
0.071094
0.083593
0.082880
0.086474
0.066980
0.077874
0.075847
0.082064
0.076922
0.077109
0.076240
0.079394
0.072253
0.065548
0.070486
0.066417
0.066864
0.067391
0.070177
0.068940
0.068218
0.092607
0.071952
0.071617
0.071913
0.067843
0.068163
0.080866
0.082121
0.082770
0.081350
0.078838
0.079199
0.074194
0.078929
0.080229
0.079743
0.076457
0.076422
0.084871
0.077385
0.083487
0.076858
0.081380
0.077484
0.079657
0.070310
0.067270
0.066057
0.073732
0.071469
0.068708
0.072218
0.084925
0.069932
0.071872
0.081499
0.086684
0.084097
0.086466
0.084911
0.085221
0.080445
0.068022
0.070873
0.072272
0.073181
0.075921
0.093470
0.069912
0.070910
0.068437
0.073288
0.071581
0.069458
0.068011
0.081815
0.094480
0.096236
0.084655
0.076987
0.068097
0.070303
0.071024
0.069648
0.070845
0.068681
0.069620
0.069449
0.071457
0.065320
0.064696
0.065894
0.068783
0.070095
0.068350
0.077625
0.083629
0.067015
0.069848
0.063601
0.071190
0.069481
0.066959
0.069648
0.072565
0.073647
0.067153
0.065752
0.064455
0.069542
0.070210
0.065885
0.069831
0.073750
0.072298
0.067162
0.073610
0.069893
0.077000
0.067159
