0.066687
0.061112
0.061644
0.072068
0.063823
0.062837
0.061557
0.063710
0.064316
0.060580
0.064373
0.063315
0.061403
0.063582
0.065605
0.064799
0.061945
0.062954
0.062430
0.065364
0.063257
0.063626
0.061778
0.061272
0.064893
0.063473
0.063324
0.064706
0.064194
0.063523
0.065548
0.063695
0.062398
0.062708
0.063742
0.064462
0.065865
0.064392
0.063234
0.062388
0.062723
0.061806
0.061208
0.062465
0.062787
0.066845
0.063851
0.063095
0.063274
0.063698
0.064621
0.062485
0.065108
0.063923
0.064134
0.061450
0.067444
0.065089
0.061708
0.061913
0.065304
0.064061
0.064338
0.064841
0.064524
0.063612
0.061839
0.062242
0.062734
0.066422
0.062465
0.066412
0.065352
0.061814
0.063088
0.061753
0.062669
0.064072
0.068402
0.062774
0.063221
0.064485
0.062242
0.063973
0.061521
0.061760
0.060470
0.061352
0.063378
0.064926
0.062786
0.062030
0.061000
0.067329
0.063057
0.062652
0.060811
0.063369
0.064845
0.065499
0.061241
0.061499
0.060714
0.067551
0.062070
0.063018
0.063427
0.065543
0.062688
0.065886
0.059351
0.060821
0.058917
0.061607
0.062398
0.062854
0.063640
0.061953
0.061369
0.061932
0.062950
0.067372
0.061867
0.062996
0.062296
0.063401
0.062227
0.063693
0.062155
0.060486
0.060853
0.061863
0.061339
0.061876
0.066393
0.060404
0.062716
0.064133
0.061957
0.063428
0.062400
0.063916
0.062089
0.063376
0.061135
0.064402
0.063905
0.066825
0.062785
0.064500
0.063629
0.063707
0.066694
0.062591
0.064879
0.062969
0.063094
0.063978
0.069498
0.062858
0.063543
0.065351
0.062032
0.066303
0.065145
0.063255
0.062974
0.063991
0.064412
0.064388
0.061936
0.063602
0.062569
0.061865
0.063921
0.062437
0.062757
0.063236
0.063321
0.062145
0.062791
0.062648
0.062501
0.063310
0.063749
0.064390
0.064920
0.062857
0.064505
0.063680
0.064303
0.064945
0.065457
0.063296
0.063899
0.064270
0.063438
0.062992
0.063975
0.074391
0.066670
0.064734
0.065078
0.062898
0.062551
0.064538
0.061774
0.066058
0.064104
0.066890
0.065713
0.062408
0.061484
0.062811
0.062561
0.061834
0.065300
0.059372
0.062323
0.061415
0.064835
0.063597
0.060527
0.060831
0.062966
0.059654
0.063523
0.063715
0.063316
0.062012
0.063629
0.062587
0.062038
0.062375
0.065564
0.062371
0.065259
0.059977
0.060755
0.062743
0.067282
0.062755
0.062389
0.064105
0.062143
0.062175
0.062151
0.061683
0.062672
0.063334
0.061957
0.059422
0.062202
0.063917
0.064976
0.064580
0.066527
0.066076
0.062604
0.067805
0.067249
0.061791
0.060757
0.061159
0.060485
0.062439
0.065125
0.061892
0.062316
0.064469
0.060848
0.060319
0.065137
0.061214
0.062985
0.064330
0.061437
0.071644
0.066609
0.060236
0.062003
0.062961
0.066865
0.063420
0.059862
0.065290
0.063114
0.061753
0.071841
0.063964
0.064810
0.061581
0.061974
0.064010
0.063651
0.065514
0.060887
0.062647
0.061108
0.065659
0.064162
0.060074
0.062525
0.062116
0.058254
0.063831
0.059798
0.063768
0.063385
0.062762
0.062251
0.061595
0.067516
0.060463
0.060913
0.068651
0.063005
0.063030
0.065522
0.063091
0.062480
0.062221
0.062004
0.062365
0.061192
0.062456
0.061787
0.067493
0.063071
0.060669
0.061798
0.061536
0.065330
0.060741
0.070675
0.061006
0.063658
0.060508
0.061990
0.061347
0.060395
0.060923
0.061395
0.061928
0.061337
0.062512
0.063243
0.062221
0.060338
0.061390
0.061014
0.065612
0.061453
0.062013
0.064740
0.067236
0.065851
0.063854
0.061696
0.065401
0.064098
0.064157
0.064066
0.068061
0.067269
0.070267
0.062710
0.062952
0.063711
0.063879
0.063191
0.066243
0.060041
0.061867
0.063760
0.064953
0.061184
0.061752
0.060840
0.061950
0.061046
0.064441
0.067847
0.062239
0.058306
