0.031587
0.030597
0.027790
0.025419
0.026593
0.026604
0.027212
0.026888
0.026412
0.028108
0.030069
0.028135
0.027598
0.026436
0.028238
0.027320
0.027451
0.027932
0.028089
0.027829
0.030693
0.028292
0.027327
0.027672
0.026675
0.027394
0.028204
0.027486
0.027859
0.027636
0.026809
0.027593
0.027523
0.027113
0.026484
0.027764
0.026698
0.027690
0.030535
0.031864
0.029610
0.027880
0.028082
0.027157
0.027878
0.028982
0.028415
0.029305
0.027771
0.034640
0.033420
0.031338
0.029500
0.030506
0.029704
0.029271
0.030207
0.030446
0.028498
0.029427
0.028110
0.028457
0.029563
0.029861
0.029776
0.028243
0.030725
0.030619
0.028936
0.029005
0.029519
0.028528
0.030055
0.028591
0.030664
0.030163
0.029741
0.030104
0.029053
0.029334
0.030846
0.030728
0.031857
0.036617
0.035036
0.028791
0.027441
0.027856
0.028801
0.028900
0.027563
0.029116
0.028124
0.028173
0.027952
0.027422
0.028250
0.028276
0.028741
0.027993
0.028250
0.027088
0.027703
0.029506
0.028298
0.031776
0.029837
0.028462
0.028006
0.027510
0.030267
0.035461
0.031843
0.029826
0.026658
0.028464
0.029068
0.026846
0.027220
0.027975
0.028056
0.037428
0.030811
0.029367
0.028610
0.026598
0.029536
0.028604
0.030938
0.029789
0.028803
0.029268
0.028531
0.027795
0.027893
0.028182
0.028958
0.029987
0.030376
0.028736
0.028756
0.029013
0.031761
0.039183
0.032987
0.030820
0.033131
0.031229
0.029857
0.029450
0.029485
0.027243
0.030241
0.028393
0.028527
0.028397
0.027509
0.028214
0.027924
0.027338
0.029657
0.028021
0.027859
0.027443
0.027108
0.026748
0.027894
0.028631
0.028795
0.027905
0.027653
0.027151
0.027601
0.026855
0.027278
0.027541
0.026764
0.027838
0.026534
0.027213
0.027928
0.026450
0.027700
0.027595
0.027144
0.027185
0.028141
0.027906
0.027117
0.026905
0.026980
0.027016
0.028076
0.028094
0.027264
0.027332
0.029552
0.027589
0.027717
0.026491
0.027079
0.027880
0.028371
0.029711
0.029738
0.027610
0.027154
0.027436
0.028377
0.029404
0.028851
0.027415
0.027855
0.027140
0.027549
0.027303
0.026835
0.027602
0.027770
0.027724
0.027285
0.027754
0.027105
0.027860
0.029014
0.027670
0.029464
0.029662
0.028997
0.028692
0.028820
0.029102
0.027474
0.028849
0.028071
0.029247
0.029498
0.029236
0.026228
0.027615
0.028135
0.027639
0.028423
0.028102
0.030263
0.030554
0.027078
0.028032
0.027891
0.028064
0.027722
0.027416
0.026722
0.030169
0.027531
0.027420
0.027311
0.027776
0.028455
0.026295
0.027101
0.027814
0.028882
0.027119
0.028411
0.027893
0.027987
0.028072
0.028986
0.028021
0.026938
0.026954
0.027416
0.028040
0.028561
0.028514
0.027870
0.027887
0.028217
0.027755
0.027639
0.028277
0.027906
0.028585
0.028096
0.030821
0.031792
0.028480
0.029498
0.029972
0.037336
0.031407
0.027596
0.028097
0.027724
0.027977
0.027815
0.029320
0.027797
0.028267
0.028134
0.027822
0.028992
0.028936
0.028063
0.028057
0.030468
0.029827
0.028614
0.029197
0.030235
0.030071
0.030404
0.029096
0.027293
0.028219
0.027876
0.028935
0.028244
0.027533
0.031475
0.032702
0.027504
0.027624
0.028444
0.027219
0.028186
0.025594
0.027984
0.027843
0.028249
0.029081
0.028874
0.030086
0.029118
0.027548
0.026917
0.027305
0.028038
0.027920
0.028904
0.028151
0.027519
0.028818
0.029111
0.027271
0.027095
0.025846
0.026350
0.027536
0.027576
0.027450
0.026898
0.026064
0.026524
0.026247
0.027141
0.027571
0.026512
0.026528
0.027167
0.025878
0.027263
0.026882
0.027708
0.026817
0.026220
0.026614
0.027640
0.027044
0.025876
0.027448
0.026987
0.028497
0.027593
0.028143
0.028101
0.027580
0.026671
0.026753
0.026365
0.027734
0.026854
0.025772
0.026439
