0.013363
0.013257
0.013811
0.013467
0.013547
0.013293
0.013211
0.013085
0.013264
0.013205
0.013136
0.013206
0.013260
0.013526
0.012790
0.013131
0.012821
0.013094
0.013093
0.013204
0.013105
0.013756
0.013028
0.013470
0.013230
0.013187
0.013144
0.013102
0.013113
0.013014
0.013041
0.012807
0.013007
0.012984
0.013053
0.013058
0.013408
0.013440
0.013436
0.013550
0.013321
0.013156
0.013182
0.013033
0.013126
0.012939
0.012865
0.012973
0.012776
0.013004
0.013256
0.013441
0.013222
0.013319
0.013074
0.013486
0.013236
0.013498
0.013084
0.013815
0.013174
0.013312
0.013476
0.014179
0.013188
0.013470
0.013132
0.012902
0.013150
0.013055
0.013547
0.013788
0.013174
0.013387
0.013344
0.013597
0.013462
0.013448
0.013497
0.013198
0.013222
0.013533
0.013339
0.013210
0.013723
0.013513
0.013480
0.013402
0.013357
0.013337
0.013184
0.013191
0.013482
0.013141
0.013174
0.013416
0.013591
0.013398
0.013543
0.013253
0.013204
0.013194
0.013184
0.013382
0.013314
0.013479
0.013523
0.013749
0.013547
0.013039
0.013161
0.013300
0.013324
0.013175
0.013139
0.013352
0.013372
0.013413
0.013285
0.013163
0.013200
0.013436
0.013188
0.013248
0.012951
0.013120
0.013143
0.014730
0.014166
0.013790
0.013123
0.013310
0.013262
0.013356
0.013411
0.013489
0.013384
0.013381
0.013218
0.013409
0.013430
0.013676
0.013290
0.013419
0.013257
0.013238
0.013275
0.013400
0.013113
0.013187
0.013352
0.013346
0.013344
0.013245
0.013445
0.013340
0.013289
0.013240
0.013113
0.013245
0.013395
0.013289
0.013360
0.013143
0.013284
0.013122
0.013161
0.013305
0.013223
0.013602
0.013441
0.013455
0.013519
0.013379
0.013498
0.013415
0.013360
0.013410
0.013213
0.013263
0.013284
0.013178
0.013085
0.012988
0.013511
0.013311
0.013265
0.013353
0.013354
0.013319
0.013396
0.013383
0.013472
0.013254
0.012647
0.012915
0.012919
0.013007
0.012746
0.013019
0.013341
0.013305
0.013551
0.013631
0.013489
0.013169
0.012936
0.012871
0.013087
0.012936
0.013461
0.013239
0.012929
0.013168
0.013189
0.012935
0.012882
0.013301
0.013151
0.013533
0.013351
0.013303
0.012924
0.013210
0.013129
0.013513
0.012822
0.013088
0.013299
0.013023
0.012939
0.012765
0.012972
0.013093
0.013450
0.013041
0.013156
0.013104
0.013066
0.013005
0.013255
0.013092
0.013284
0.013026
0.013889
0.013084
0.012748
0.012782
0.012798
0.012849
0.013133
0.013380
0.013138
0.012986
0.012997
0.013125
0.013024
0.012905
0.012882
0.012802
0.012658
0.012865
0.013371
0.013291
0.013458
0.013317
0.013118
0.013225
0.012940
0.013119
0.013291
0.013126
0.013191
0.012817
0.012771
0.013121
0.013048
0.013312
0.013671
0.013486
0.013334
0.013728
0.013048
0.012941
0.013322
0.013448
0.013063
0.013117
0.013021
0.012960
0.012983
0.013190
0.013156
0.013258
0.013314
0.013510
0.013344
0.015617
0.013397
0.013220
0.013242
0.013151
0.013466
0.013312
0.013198
0.013179
0.013139
0.012827
0.012829
0.013007
0.013654
0.013292
0.013487
0.013216
0.013477
0.013223
0.013431
0.013119
0.013311
0.013046
0.012834
0.013002
0.012539
0.012989
0.013012
0.013039
0.012975
0.013201
0.012958
0.013061
0.013212
0.012831
0.013053
0.012648
0.012713
0.012602
0.012905
0.012973
0.012916
0.013022
0.012792
0.012917
0.012988
0.012890
0.013234
0.013141
0.012957
0.012935
0.012900
0.013010
0.013113
0.013334
0.013281
0.013022
0.013145
0.013036
0.013175
0.013053
0.013051
0.012848
0.012735
0.012751
0.012693
0.013414
0.013597
0.013097
0.013216
0.013326
0.013351
0.012969
0.013071
0.013293
0.012817
0.012856
0.012802
0.012995
0.012939
0.013195
0.013332
0.012905
0.012848
0.013133
0.012879
0.013030
0.012855
