0.039178
0.016761
0.015657
0.014649
0.014271
0.015344
0.014233
0.014105
0.014308
0.014139
0.014369
0.014310
0.014352
0.014351
0.014186
0.014189
0.014362
0.014266
0.014378
0.014241
0.014754
0.014149
0.014208
0.014232
0.014356
0.014167
0.014103
0.013432
0.013676
0.013363
0.013361
0.013546
0.013577
0.013524
0.013875
0.013562
0.013647
0.013570
0.013476
0.013686
0.013644
0.013714
0.013753
0.013819
0.013779
0.013876
0.014079
0.013925
0.013868
0.013890
0.013928
0.013935
0.013777
0.013707
0.013939
0.013665
0.013648
0.013715
0.013907
0.013817
0.013799
0.013860
0.013758
0.013974
0.013764
0.013618
0.013532
0.013449
0.014188
0.013474
0.013515
0.013389
0.013515
0.013533
0.014064
0.013628
0.013549
0.013480
0.013596
0.013857
0.013798
0.014133
0.013759
0.013988
0.013831
0.013834
0.014022
0.013714
0.013919
0.013848
0.013620
0.013761
0.013856
0.013674
0.013817
0.013585
0.013664
0.013784
0.013716
0.013712
0.013600
0.013489
0.013537
0.013642
0.013650
0.013366
0.013330
0.013893
0.013488
0.013504
0.013831
0.018509
0.015847
0.016776
0.018662
0.016206
0.013921
0.013854
0.014195
0.013656
0.013480
0.013741
0.013592
0.013508
0.013537
0.013485
0.013380
0.013584
0.013784
0.013932
0.013819
0.013799
0.013620
0.013420
0.013629
0.013637
0.013437
0.013737
0.013589
0.013610
0.013569
0.013522
0.013774
0.013364
0.013471
0.013477
0.013291
0.013404
0.013303
0.013443
0.013497
0.013303
0.013510
0.013422
0.013493
0.013607
0.013583
0.013624
0.013465
0.013698
0.013438
0.013486
0.013666
0.013552
0.013642
0.013440
0.013295
0.013315
0.013169
0.013184
0.013448
0.013336
0.014078
0.013810
0.013894
0.013601
0.013642
0.013348
0.013596
0.013510
0.013254
0.013555
0.013191
0.013273
0.013555
0.013390
0.013449
0.013238
0.013116
0.013247
0.013198
0.013046
0.013341
0.013652
0.013771
0.013550
0.013393
0.013697
0.013597
0.013706
0.013521
0.013560
0.013190
0.013461
0.013299
0.013647
0.013403
0.013290
0.013419
0.013020
0.013154
0.013225
0.014018
0.014155
0.013952
0.014189
0.014241
0.014141
0.014095
0.014102
0.014007
0.014146
0.014083
0.014366
0.014315
0.014328
0.014049
0.013915
0.014125
0.014393
0.014477
0.014333
0.014348
0.014334
0.014327
0.014250
0.014303
0.014256
0.014340
0.014387
0.014467
0.014513
0.014369
0.014361
0.014467
0.014296
0.014351
0.014330
0.014420
0.014235
0.014420
0.014411
0.014189
0.014254
0.014297
0.014179
0.014203
0.014241
0.014059
0.014422
0.014322
0.014208
0.014154
0.014320
0.014321
0.014280
0.014343
0.014250
0.014347
0.014394
0.014224
0.014398
0.014031
0.014073
0.014176
0.014184
0.014000
0.013960
0.014153
0.014065
0.014464
0.014239
0.013857
0.014226
0.014011
0.018261
0.016828
0.014604
0.014228
0.013776
0.014034
0.014165
0.013804
0.013827
0.013880
0.013993
0.013956
0.013877
0.013787
0.013808
0.014103
0.013983
0.013678
0.013855
0.013819
0.013621
0.014054
0.013777
0.013855
0.013819
0.013800
0.013868
0.013820
0.013625
0.013512
0.013786
0.014277
0.013671
0.013591
0.013545
0.013596
0.013813
0.013617
0.013885
0.013707
0.014242
0.014056
0.014265
0.013912
0.014173
0.014103
0.014262
0.014234
0.014688
0.014331
0.014424
0.014577
0.014431
0.014481
0.014552
0.014617
0.014268
0.014322
0.014150
0.014406
0.014438
0.014500
0.014406
0.014558
0.014855
0.014509
0.014351
0.014061
0.014278
0.014728
0.014387
0.014255
0.014246
0.014185
0.014270
0.014101
0.014028
0.014392
0.014478
0.014223
0.014448
0.014227
0.014515
0.014325
0.014278
0.014078
0.014304
0.014367
0.014265
0.014358
0.014071
0.014217
0.014136
0.014498
0.014467
0.014280
0.014642
0.014139
0.013990
0.014160
