0.058741
0.033062
0.033211
0.033878
0.034593
0.033074
0.033006
0.033164
0.032982
0.033120
0.034840
0.033422
0.033000
0.038749
0.037101
0.033835
0.033813
0.034054
0.033282
0.035422
0.032632
0.032724
0.032974
0.033276
0.034165
0.032943
0.033223
0.033352
0.036327
0.032934
0.032776
0.034860
0.032982
0.033049
0.032838
0.032847
0.034910
0.032955
0.032980
0.032792
0.033142
0.032945
0.033023
0.032845
0.032586
0.032662
0.036208
0.033353
0.033012
0.033726
0.033300
0.033281
0.033213
0.033102
0.033717
0.033385
0.034542
0.033405
0.035090
0.033714
0.033762
0.037415
0.034117
0.034505
0.033426
0.033801
0.034174
0.033018
0.039977
0.033297
0.033310
0.033400
0.033043
0.033069
0.033213
0.032778
0.032888
0.034105
0.032754
0.032865
0.035889
0.036640
0.033088
0.034193
0.033940
0.034245
0.033834
0.033662
0.033388
0.034817
0.034976
0.032841
0.038385
0.033475
0.036097
0.035341
0.033071
0.033042
0.037206
0.032695
0.033487
0.033167
0.033605
0.038649
0.035023
0.035365
0.037181
0.033589
0.033473
0.033124
0.033591
0.035479
0.034842
0.035278
0.033352
0.034066
0.033426
0.033690
0.033427
0.036944
0.035286
0.033992
0.033401
0.033465
0.033432
0.036191
0.033359
0.033255
0.034353
0.033003
0.032402
0.032504
0.036016
0.032387
0.034492
0.032553
0.032734
0.032840
0.033249
0.032765
0.033364
0.034181
0.032262
0.032556
0.034037
0.034960
0.032701
0.032775
0.033925
0.032588
0.032656
0.035072
0.032180
0.034982
0.032960
0.036484
0.035758
0.035422
0.034530
0.033172
0.034166
0.034907
0.033938
0.034829
0.034442
0.034832
0.033739
0.033224
0.034964
0.033204
0.033060
0.033149
0.033071
0.033239
0.033199
0.032771
0.033357
0.032882
0.032974
0.034642
0.034755
0.034916
0.033114
0.036090
0.033428
0.033622
0.037018
0.033163
0.033855
0.033240
0.035836
0.035145
0.033342
0.035210
0.033439
0.036961
0.033680
0.033197
0.033278
0.033393
0.036902
0.033426
0.033526
0.035056
0.033323
0.037438
0.033529
0.033515
0.035099
0.033524
0.033265
0.033663
0.032650
0.033465
0.038819
0.032315
0.032629
0.036270
0.035154
0.033659
0.032620
0.033163
0.032606
0.033065
0.032839
0.032578
0.032768
0.032464
0.033103
0.032665
0.032635
0.032737
0.032492
0.032514
0.032408
0.033022
0.032849
0.032758
0.032519
0.032596
0.032974
0.033004
0.033363
0.034663
0.034415
0.033454
0.032885
0.032825
0.034486
0.033387
0.033298
0.034577
0.035794
0.034418
0.034559
0.032926
0.033341
0.032699
0.034063
0.032819
0.034659
0.033366
0.033053
0.034654
0.036566
0.033088
0.034159
0.033533
0.031924
0.032580
0.032190
0.036551
0.034413
0.032301
0.032219
0.031650
0.032266
0.032840
0.032793
0.035012
0.032634
0.033983
0.032288
0.033809
0.032508
0.034012
0.032349
0.032401
0.032392
0.033698
0.032538
0.034575
0.032955
0.034577
0.032210
0.032560
0.034249
0.033735
0.036685
0.033660
0.033134
0.035047
0.035174
0.035723
0.033378
0.034716
0.033619
0.033281
0.033316
0.033257
0.034918
0.036452
0.037191
0.032959
0.033110
0.033481
0.033392
0.033971
0.034789
0.033982
0.032588
0.035820
0.033501
0.033908
0.033887
0.033705
0.033680
0.033544
0.033822
0.035333
0.035080
0.033121
0.033769
0.035086
0.033659
0.035097
0.033498
0.035192
0.033529
0.033793
0.033690
0.033878
0.033593
0.035033
0.035335
0.036392
0.033787
0.036353
0.033719
0.033521
0.036821
0.032240
0.032472
0.031904
0.034031
0.032147
0.032179
0.034414
0.031975
0.032254
0.034884
0.032336
0.032414
0.031970
0.032137
0.031898
0.031886
0.032172
0.032587
0.033240
0.032451
0.032474
0.033341
0.032210
0.032185
0.032674
0.032257
0.032433
0.032250
0.032287
0.033569
0.035363
0.033291
0.033215
0.033228
